strategic_region={
	id=1
	name="STRATEGICREGION_1"
	provinces={
		1 7 13 22 23 35 46 47 50 51 68 72 76 90 92 100 105 135 137 141 145 154 161 163 199 215 219 224 232 252 255 256 263 275 283 288 301 303 307 310 317 319 330 333 344 346 356 357 363 364 365 371 377 397 407 409 420 430 432 439 444 446 467 469 478 481 483 489 517 519 526 529 535 539 540 541 551 564 565 566 569 572 577 596 601 603 611 612 615 637 651 671 678 703 706 714 718 722 723 727 752 761 763 764 778 785 787 796 801 814 819 821 827 836 837 840 851 852 863 868 874 877 881 884 886 891 895 896 905 910 919 930 935 942 955 959 964 969 970 983 988 993 999 1000 1004 1009 1018 1021 1022 1026 1030 1040 1045 1046 1049 1052 1060 1067 1075 1083 1086 1090 1102 1107 1117 1123 1135 1139 1152 1159 1161 1163 1166 1171 1184 1206 1208 1210 1213 1242 1243 1247 1249 1252 1272 1274 1275 1286 1289 1295 1299 1303 1319 1327 1332 1348 1355 1364 1370 1371 1379 1389 1397 1399 1403 1406 1413 1416 1420 1422 1427 1428 1432 1453 1459 1467 1470 1471 1477 1485 1504 1505 1508 1513 1524 1525 1529 1531 1544 1555 1560 1576 1583 1592 1594 1602 1610 1611 1643 1647 1656 1660 1672 1682 1683 1691 1706 1711 1714 1730 1731 1737 1740 1752 1756 1763 1767 1771 1775 1786 1794 1796 1798 1802 1810 1823 1825 1828 1830 1840 1841 1842 1843 1847 1859 1861 1864 1868 1876 1888 1890 1893 1894 1900 1901 1904 1918 1919 1932 1948 1953 1968 1982 1985 1987 1994 2003 2008 2015 2028 2064 2070 2071 2073 2101 2104 2109 2123 2132 2151 2153 2157 2160 2170 2172 2173 2188 2192 2193 2210 2213 2219 2230 2233 2238 2240 2248 2249 2257 2260 2265 2267 2269 2270 2272 2281 2282 2289 2301 2303 2326 2336 2342 2343 2351 2361 2362 2374 2375 2379 2385 2388 2392 2396 2399 2401 2403 2412 2419 2424 2428 2437 2441 2442 2444 2446 2447 2457 2463 2475 2482 2487 2499 2506 2507 2508 2509 2512 2520 2522 2523 2526 2537 2544 2552 2568 2572 2575 2582 2585 2588 2595 2610 2620 2641 2681 2683 2691 2703 2707 2710 2712 2729 2731 2733 2739 2753 2754 2774 2775 2779 2785 2796 2807 2817 2824 2826 2833 2836 2840 2842 2853 2863 2870 2878 2880 2884 2889 2890 2896 2909 2918 2932 2933 2936 2937 2938 2953 2957 2961 2973 2981 2997 3013 3024 3026 3027 3029 3031 3042 3048 3058 3059 3061 3066 3073 3088 3100 3101 3104 3107 3118 3122 3130 3135 3140 3151 3156 3159 3160 3162 3170 3173 3179 3182 3187 3191 3196 3197 3202 3206 3217 3221 3239 3240 3241 3256 3264 3268 3275 3278 3282 3284 3291 3306 3309 3310 3316 3319 3323 3325 3327 3332 3333 3335 3336 3343 3344 3350 3351 3355 3369 3374 3379 3381 3385 3387 3390 3394 3397 3398 3406 3409 3413 3422 3426 3435 3449 3451 3473 3474 3500 3501 3503 3506 3507 3509 3515 3520 3524 3538 3548 3551 3555 3557 3559 3569 3573 3575 3577 3589 3591 3595 3596 3597 3600 3601 3607 3608 3610 3611 3612 3615 3618 3646 3659 3660 3665 3666 3668 3669 3671 3681 3690 3694 3695 3707 3715 3719 3724 3728 3747 3756 3771 3775 3784 3794 3798 3800 3819 3824 3826 3831 3843 3850 3854 3860 3868 3871 3893 3899 3906 3908 3916 3920 3928 3941 3945 3947 3949 3973 3977 3989 4004 4017 4018 4025 4026 4033 4045 4050 4058 4059 4060 4072 4090 4091 4097 4101 4116 4134 4149 4150 4154 4161 4163 4170 4171 4172 4180 4181 4194 4196 4216 4217 4218 4227 4231 4234 4272 4273 4283 4284 4296 4306 4318 4319 4326 4344 4345 4353 4360 4361 4365 4371 4375 4376 4378 4379 4399 4405 4419 4427 4435 4448 4450 4481 4489 4499 4516 4517 4518 4527 4531 4536 4543 4554 4561 4564 4569 4573 4594 4620 4624 4642 4655 4670 4683 4698 4704 4713 4717 4730 4733 4749 4761 4762 4763 4779 4782 4787 4788 4790 4796 4800 4806 4808 4812 4814 4815 4818 4820 4827 4838 4847 4850 4863 4864 4870 4876 4877 4886 4893 4894 4911 4918 4927 4934 4966 4967 4975 4981 4992 4997 4998 5006 5011 5014 5017 5018 5038 5049 5050 5054 5058 5063 5093 5096 5098 5112 5121 5129 5138 5155 5161 5165 5174 5177 5180 5181 5184 5190 5196 5206 5207 5212 5219 5227 5233 5235 5241 5245 5249 5260 5264 5273 5282 5288 5295 5307 5314 5315 5318 5327 5329 5331 5347 5351 5355 5375 5377 5378 5383 5391 5393 5394 5397 5400 5412 5414 5417 5418 5432 5434 5443 5447 5453 5482 5489 5490 5503 5505 5511 5513 5519 5521 5525 5528 5530 5531 5550 5557 5558 5563 5573 5577 5582 5592 5595 5597 5598 5602 5616 5621 5626 5632 5635 5639 5646 5648 5662 5668 5675 5691 5692 5703 5705 5707 5708 5710 5720 5731 5734 5737 5754 5756 5775 5786 5791 5797 5803 5804 5817 5825 5827 5832 5847 5850 5858 5881 5883 5887 5904 5906 5915 5917 5928 5949 5950 5954 5956 5961 5969 5975 5979 5992 6001 6002 6012 6014 6016 6020 6030 6036 6038 6043 6044 6049 6050 6051 6053 6054 6064 6069 6072 6076 6078 6080 6081 6087 6090 6092 6094 6101 6107 6111 6122 6127 6129 6141 6146 6149 6156 6159 6166 6176 6179 6182 6184 6187 6194 6195 6210 6221 6229 6235 6243 6250 6257 6262 6265 6272 6276 6278 6291 6299 6318 6320 6325 6329 6331 6345 6352 6359 6365 6374 6376 6382 6384 6390 6394 6404 6409 6413 6417 6419 6421 6427 6428 6431 6432 6436 6445 6451 6454 6474 6479 6483 6486 6490 6492 6494 6495 6510 6513 6516 6517 6518 6526 6528 6532 6534 6540 6541 6544 6554 6562 6567 6575 6612 6621 6622 6629 6635 6638 6641 6649 6656 6675 6676 6680 6702 6712 6714 6717 6718 6722 6724 6732 6737 6746 6758 6759 6765 6776 6777 6779 6793 6794 6796 6801 6818 6835 6838 6855 6877 6882 6885 6888 6889 6897 6898 6900 6907 6914 6916 6927 6930 6937 6938 6948 6958 6961 6972 6980 6986 6988 6994 6997 6998 7000 7009 7023 7031 7032 7033 7040 7041 7049 7053 7056 7057 7058 7060 7067 7071 7096 7105 7112 7121 7123 7126 7127 7132 7134 7144 7149 7151 7152 7153 7159 7175 7189 7190 7203 7217 7219 7221 7224 7228 7239 7243 7245 7261 7271 7278 7280 7298 7330 7338 7339 7342 7343 7345 7353 7355 7356 7362 7370 7371 7372 7385 7387 7390 7409 7418 7427 7428 7430 7435 7441 7445 7451 7474 7489 7508 7513 7514 7519 7521 7535 7536 7548 7549 7558 7559 7562 7568 7572 7577 7583 7586 7590 7597 7601 7604 7611 7616 7635 7639 7640 7648 7649 7651 7666 7673 7683 7711 7721 7723 7733 7736 7738 7742 7760 7768 7772 7773 7774 7776 7784 7785 7798 7804 7817 7832 7834 7842 7848 7850 7852 7854 7863 7865 7867 7880 7881 7886 7909 7919 7925 7932 7941 7949 7959 7962 7963 7975 7982 7983 7992 7993 7997 7999 8003 8010 8011 8018 8021 8023 8037 8040 8047 8050 8071 8073 8084 8085 8089 8097 8099 8103 8107 8118 8124 8125 8128 8142 8143 8152 8156 8157 8160 8165 8171 8190 8193 8200 8203 8204 8208 8213 8216 8220 8221 8223 8251 8263 8267 8282 8288 8303 8307 8311 8337 8340 8341 8343 8346 8350 8354 8360 8369 8379 8382 8385 8389 8390 8394 8405 8419 8424 8425 8428 8429 8430 8433 8438 8443 8450 8455 8471 8473 8474 8476 8481 8486 8488 8491 8493 8495 8499 8500 8501 8516 8517 8521 8523 8525 8531 8533 8537 8540 8541 8543 8549 8551 8553 8560 8568 8575 8576 8585 8602 8604 8605 8614 8615 8616 8622 8624 8630 8631 8634 8640 8643 8644 8645 8654 8659 8665 8678 8681 8685 8696 8704 8705 8710 8712 8722 8728 8736 8739 8753 8755 8761 8772 8773 8774 8780 8795 8801 8804 8814 8825 8826 8829 8831 8840 8854 8876 8878 8890 8899 8902 8915 8917 8918 8946 8954 8955 8957 8962 8975 8987 8988 8989 8990 8997 8999 9000 9014 9020 9032 9037 9058 9072 9078 9083 9097 9111 9113 9116 9120 9139 9140 9160 9173 9179 9188 9196 9211 9213 9219 9222 9232 9233 9265 9278 9300 9301 9304 9315 9317 9324 9341 9357 9358 9371 9408 9428 9440 9446 9447 9450 9458 9459 9465 9489 9506 9512 9519 9522 9527 9529 9532 9534 9539 9540 9549 9563 9569 9578 9583 9598 9602 9614 9623 9645 9651 9654 9660 9662 9673 9678 9679 9691 9693 9694 9700 9702 9714 9719 9727 9730 9736 9742 9743 9745 9772 9777 9779 9782 9783 9788 9790 9793 9798 9803 9804 9806 9818 9822 9825 9840 9842 9845 9852 9861 9864 9867 9881 9882 9883 9890 9905 9910 9925 9928 9949 9954 9955 9959 9961 9974 9981 9996 9997 9999 10001 10006 10008 10011 10028 10029 10030 10041 10053 10056 10060 10062 10066 10070 10083 10085 10088 10095 10102 10107 10118 10123 10127 10134 10139 10144 10146 10148 10151 10152 10166 10171 10177 10181 10182 10196 10197 10200 10204 10209 10213 10214 10217 10218 10219 10230 10249 10252 10258 10267 10280 10290 10291 10304 10306 10308 10310 10312 10313 10315 10324 10327 10336 10342 10343 10366 10381 10382 10386 10396 10408 10410 10414 10416 10425 10432 10448 10451 10463 10465 10466 10469 10471 10478 10482 10483 10487 10498 10500 10507 10520 10526 10538 10540 10562 10563 10575 10579 10581 10587 10592 10606 10608 10613 10621 10623 10628 10632 10633 10642 10643 10664 10678 10682 10688 10692 10700 10704 10706 10707 10710 10712 10720 10723 10724 10730 10735 10738 10742 10746 10758 10767 10771 10772 10784 10788 10792 10798 10825 10828 10830 10835 10845 10847 10850 10861 10869 10870 10880 10891 10896 10902 10907 10909 10912 10918 10924 10944 10953 10958 10962 10965 10969 10970 10971 10974 10977 10979 10981 10982 10987 10990 11003 11005 11010 11018 11023 11027 11029 11034 11037 11043 11049 11057 11082 11085 11086 11104 11107 11111 11114 11123 11134 11140 11149 11160 11161 11167 11180 11190 11192 11205 11212 11218 11220 11226 11227 11228 11234 11237 11241 11250 11280 11296 11300 11303 11304 11307 11310 11312 11316 11318 11326 11328 11330 11331 11339 11340 11350 11351 11357 11362 11381 11384 11402 11404 11417 11443 11460 11465 11468 11472 11475 11479 11480 11488 11490 11497 11500 11501 11514 11530 11551 11552 11555 11556 11564 11568 11580 11583 11590 11593 11594 11603 11607 11608 11609 11613 11618 11627 11635 11637 11644 13070 13073 13090 13098 13120 13121 13126 13132 13143 13147 13157 13158 13164 13165 13168 13169 13180 13199 13205 13213 13214 13219 13224 13225 13235 13236 13242 13246 13247 13252 13253 13259 13261 13262 13264 13274 13278 13288 13289 13290 13295 13296 13297 13304 13306 13309 13310 13315 13320 13324 13338 13339 13357 13358 13363 13367 13368 13369 13375 13382 13383 13400 13402 13403 13407 13426 13430 13433 13440 13444 13453 13454 13455 13458 13459 13476 13478 13480 13488 13493 13496 13501 13507 13515 13521 13525 13526 13531 13538 13539 13547 13559 13570 13571 13577 13583 13590 13592 13596 13597 13598 13602 13612 13613 13614 13618 13622 13634 13635 13641 13646 13647 13657 13665 13669 13670 13681 13686 13694 13698 13699 13700 13703 13715 13716 13724 13729 13741 13745 13746 13751 13762 13779 13780 13784 13785 13786 13791 13794 13795 13796 13798 13801 13803 13804 13810 13825 13831 13837 13839 13846 13847 13854 13863 13872 13878 13883 13893 13913 13914 13918 13919 13925 13926 13928 13933 13934 13935 13937 13942 13952 13953 13960 13961 13973 13974 13975 13978 13979 13988 13994 14000 14001 14002 14003 14008 14009 14010 14012 14024 14030 14031 14032 14036 14037 14038 14040 14045 14046 14049 14050 14059 14060 14066 14067 14075 14076 14077 14081 14082 14089 14090 14091 14092 14093 14096 14098 14099 14100 14101 14105 14107 14109 14111 14118 14119 14120 14121 14128 14142 14149 14153 14154 14155 14162 14163 14171 14177 14188 14189 14190 14198 14201 14202 14203 14207 14211 14212 14213 14215 14216 14222 14229 14230 14231 14241 14242 14245 14246 14251 14254 14259 14274 14275 14285 14286 14288 14289 14302 14303 14304 14313 14314 14315 14316 14324 14325 14340 14348 14366 14367 14372 14382 14383 14384 14392 14399 14400 14406 14407 14414 14415 14416 14423 14425 14426 14432 14438 14439 14446 14449 14453 14456 14457 14462 14463 14464 14469 14478 14479 14489 14490 14491 14492 14497 14513 14514 14516 14520 14521 14531 14533 14542 14543 14548 14549 14550 14555 14556 14561 14562 14563 14570 14574 14575 14579 14580 14581 14582 14592 14593 14599 14600 14601 14603 14608 14610 14612 14618 14619 14620 14623 14631 14632 14633 14634 14636 14640 14641 14648 14649 14654 14655 14662 14663 14664 14665 14666 14667 14674 14680 14681 14691 14692 14693 14694 14695 14696 14697 14706 14707 14710 14711 14720 14721 14724 14725 14740 14741 14746 14750 14751 14752 14753 14765 14766 14767 14768 14770 14771 14772 14773 14778 14784 14785 14786 14787 14788 14791 14799 14800 14801 14805 14806 14812 14813 14814 14815 14816 14821 14822 14826 14827 14833 14834 14835 14836 14837 14838 14839 14846 14847 14852 14853 14854 14855 14856 14862 14863 14864 14879 14880 14881 14882 14886 14892 14894 14901 14903 14911 14912 14918 14919 14920 14923 14924 14925 14926 14927 14931 14937 14944 14948 14949 14954 14965 14966 14967 14968 14985 14993 14994 15000 15001 15002 15003 15009 15010 15012 15013 15022 15023 15028 15029 15031 15039 15053 15054 15055 15056 15062 15063 15064 15065 15066 15079 15084 15086 15087 15089 15096 15097 15098 15099 15100 15102 15104 15108 15114 15115 15122 15123 15124 15133 15134 15135 15140 15141 15143 15154 15156 15158 15159 15164 15170 15173 15174 15176 15177 15182 15189 15194 15195 15204 15210 15211 15212 15214 15215 15222 15225 15234 15238 15239 15244 15245 15251 15256 15257 15263 15265 15266 15279 15284 15285 15286 15294 15295 15300 15302 15311 15312 15314 15315 15321 15322 15323 15345 15346 15367 15368 15373 15378 15379 15380 15382 15388 15389 15390 15391 15406 15407 15421 15422 15424 15425 15430 15443 15444 15445 15446 15450 15451 15452 15460 15461 15462 15463 15464 15471 15480 15487 15490 15499 15500 15501 15513 15514 15520 15521 15526 15528 15532 15533 15535 15542 15543 15544 15545 15563 15564 15565 15575 15584 15592 15600 15601 15602 15603 15609 15610 15613 15614 15617 15619 15620 15622 15624 15641 15642 15643 15644 15646 15661 15662 15663 15668 15669 15670 15679 15686 15687 15688 15695 15697 15701 15707 15715 15721 15734 15738 15742 15746 15747 15748 15751 15758 15759 15768 15769 15778 15787 15788 15799 15801 15805 15811 15812 15813 15814 15816 15826 15836 15837 15838 15843 15845 15846 15847 15854 15855 15856 15860 15862 15868 15869 15870 15876 15877 15878 15879 15883 15885 15888 15889 15890 15891 15902 15903 15910 15921 15922 15923 15927 15928 15929 15933 15934 15935 15937 15938 15939 15941 15945 15951 15952 15952 15954 15961 15968 15969 15970 15971 15972 15986 15989 15991 15992 15993 15998 15999 16000 16001 16009 16015 16018 16019 16024 16026 16029 16030 16035 16036 16050 16054 16055 16056 16057 16065 16066 16067 16069 16071 16072 16074 16075 16076 16078 16079 16080 16081 16084 16085 16088 16089 16095 16096 16097 16101 16107 16108 16109 16110 16117 16118 16121 16122 16125 16129 16136 16137 16138 16141 16145 16146 16147 16148 16149 16154 16155 16158 16161 16162 16163 16167 16168 16169 16172 16173 16181 16182 16183 16184 16186 16190 16191 16197 16206 16207 16210 16211 16212 16217 16218 16219 16220 16223 16229 16230 16241 16244 16251 16253 16259 16263 16264 16266 16275 16283 16284 16287 16288 16289 16296 16298 16303 16309 16317 16319 16322 16323 16324 16333 16337 16338 16348 16349 16350 16361 16367 16368 16369 16370 16376 16377 16378 16381 16386 16391 16393 16394 16401 16414 16415 16416 16418 16421 16422 16424 16435 16445 16450 16459 16461 16462 16474 16476 16479 16480 16484 16487 16494 16503 16505 16506 16507 16511 16517 16518 16524 16533 16534 16535 16536 16545 16546 16547 16548 16551 16552 16557 16558 16559 16560 16564 16565 16575 16580 16582 16584 16585 16586 16595 16598 16611 16614 16616 16617 16618 16628 16629 16633 16634 16635 16639 16641 16642 16647 16648 16649 16655 16657 16659 16663 16664 16667 16668 16679 16685 16693 16695 16697 16703 16705 16706 16707 16711 16713 16721 16722 16731 16739 16740 16741 16747 16748 16752 16756 16763 16764 16765 16767 16773 16774 16775 16777 16778 16783 16784 16791 16792 16799 16800 16802 16803 16810 16816 16817 16818 16819 16826 16828 16834 16835 16836 16846 16849 16850 16860 16861 16867 16868 16879 16880 16888 16889 16890 16896 16898 16910 16912 16921 16933 16941 16947 16948 16949 16950 16952 16953 16958 16959 16960 16962 16966 16967 16974 16981 16999 17002 17003 17011 17013 17014 17018 17023 17024 17035 17036 17038 17039 17048 17049 17052 17053 17054 17055 17061 17062 17072 17073 17074 17085 17086 17093 17094 17096 17105 17106 17107 17114 17115 17116 17133 17138 17148 17156 17167 17180 17181 17188 17190 17191 17194 17195 17215 17221 17227 17244 17256 17258 17262 17263 17268 17269 17271 17303 17306 17319 17320 17329 17330 17338 17372 17382 17383 17389 17395 17409 17440 17441 17458 17466 17482 17501 17519 17527 17543 17554 17571 17588 17618 17626 17651 17681 17682 17683 17703 17723 17724 17732 17746 17747 17756 17778 17784 17789 17790 17796 17812 17821 17822 17842 17859 17868 17869 17870 17871 17872 17882 17887 17910 17911 17923 17924 17932 17960 17961 17967 17968 17969 17990 18000 18008 18009 18010 18011 18021 18041 18051 18052 18055 18057 18058 18059 18060 18100 18101 18103 18110 18127 18137 18138 18139 18147 18151 18164 18166 18179 18194 18209 18210 18220 18232 18233 18238 18239 18240 18262 18263 18283 18288 18299 18300 18307 18308 18318 18319 18320 18331 18332 18365 18375 18376 18378 18388 18393 18395 18401 18402 18414 18416 18425 18426 18434 18441 18449 18467 18473 18477 18483 18484 18493 18494 18515 18521 18522 18531 18541 18543 18549 18599 18622 18629 18639 18640 18645 18671 18680 18688 18693 18701 18702 18704 18711 18717 18725 18738 18752 18781 18795 18796 18797 18805 18844 18845 18846 18893 18904 18911 18912 18931 18967 18976 18982 18983 19024 19033 19034 20279 20281 20720 20726 20735 20739 20744 20749 20758 20764 20765 20766 20770 20771 20779 20780 20781 20782 20784 20787 20791 20792 20793 20800 20809 20815 20817 20818 20822 
	}
	weather={
		period={
			between={ 0.0 30.0 }
			temperature={ 12.0 30.0 }
			no_phenomenon=0.500
			rain_light=0.250
			rain_heavy=0.100
			snow=0.000
			blizzard=0.000
			arctic_water=0.000
			mud=1.000
			sandstorm=0.000
			min_snow_level=0.000
		}
		period={
			between={ 0.1 27.1 }
			temperature={ 12.0 30.0 }
			no_phenomenon=0.500
			rain_light=0.250
			rain_heavy=0.100
			snow=0.000
			blizzard=0.000
			arctic_water=0.000
			mud=1.000
			sandstorm=0.000
			min_snow_level=0.000
		}
		period={
			between={ 0.2 30.2 }
			temperature={ 12.0 30.0 }
			no_phenomenon=0.500
			rain_light=0.250
			rain_heavy=0.100
			snow=0.000
			blizzard=0.000
			arctic_water=0.000
			mud=1.000
			sandstorm=0.000
			min_snow_level=0.000
		}
		period={
			between={ 0.3 29.3 }
			temperature={ 12.0 30.0 }
			no_phenomenon=0.500
			rain_light=0.250
			rain_heavy=0.100
			snow=0.000
			blizzard=0.000
			arctic_water=0.000
			mud=1.000
			sandstorm=0.000
			min_snow_level=0.000
		}
		period={
			between={ 0.4 30.4 }
			temperature={ 12.0 30.0 }
			no_phenomenon=0.500
			rain_light=0.250
			rain_heavy=0.100
			snow=0.000
			blizzard=0.000
			arctic_water=0.000
			mud=1.000
			sandstorm=0.000
			min_snow_level=0.000
		}
		period={
			between={ 0.5 29.5 }
			temperature={ 12.0 30.0 }
			no_phenomenon=0.500
			rain_light=0.250
			rain_heavy=0.100
			snow=0.000
			blizzard=0.000
			arctic_water=0.000
			mud=1.000
			sandstorm=0.000
			min_snow_level=0.000
		}
		period={
			between={ 0.6 30.6 }
			temperature={ 12.0 30.0 }
			no_phenomenon=0.500
			rain_light=0.250
			rain_heavy=0.100
			snow=0.000
			blizzard=0.000
			arctic_water=0.000
			mud=1.000
			sandstorm=0.000
			min_snow_level=0.000
		}
		period={
			between={ 0.7 30.7 }
			temperature={ 12.0 30.0 }
			no_phenomenon=0.500
			rain_light=0.250
			rain_heavy=0.100
			snow=0.000
			blizzard=0.000
			arctic_water=0.000
			mud=1.000
			sandstorm=0.000
			min_snow_level=0.000
		}
		period={
			between={ 0.8 29.8 }
			temperature={ 12.0 30.0 }
			no_phenomenon=0.500
			rain_light=0.250
			rain_heavy=0.100
			snow=0.000
			blizzard=0.000
			arctic_water=0.000
			mud=1.000
			sandstorm=0.000
			min_snow_level=0.000
		}
		period={
			between={ 0.9 30.9 }
			temperature={ 12.0 30.0 }
			no_phenomenon=0.500
			rain_light=0.250
			rain_heavy=0.100
			snow=0.000
			blizzard=0.000
			arctic_water=0.000
			mud=1.000
			sandstorm=0.000
			min_snow_level=0.000
		}
		period={
			between={ 0.10 29.10 }
			temperature={ 12.0 30.0 }
			no_phenomenon=0.500
			rain_light=0.250
			rain_heavy=0.100
			snow=0.000
			blizzard=0.000
			arctic_water=0.000
			mud=1.000
			sandstorm=0.000
			min_snow_level=0.000
		}
		period={
			between={ 0.11 30.11 }
			temperature={ 12.0 30.0 }
			no_phenomenon=0.500
			rain_light=0.250
			rain_heavy=0.100
			snow=0.000
			blizzard=0.000
			arctic_water=0.000
			mud=1.000
			sandstorm=0.000
			min_snow_level=0.000
		}
	}
}
