strategic_region={
	id=160
	name="STRATEGICREGION_160"
	provinces={
		190 273 670 791 976 1019 1087 1282 1564 2086 2125 2228 2383 2474 2535 2694 2727 2792 3037 3128 3185 3444 3576 3773 4103 4290 4555 4929 5236 5442 5642 5658 6303 6313 6471 6956 7259 7399 7436 7449 7467 7486 7530 7631 8295 8513 8646 8938 8940 8974 9134 9205 9330 9401 9531 9542 9666 9839 10050 10110 10130 10141 10292 10955 10959 11130 11152 11177 11398 11436 17948 18201 18242 18243 18379 18501 18633 18634 18646 18681 18694 18703 18740 18745 18754 18774 18787 18793 18799 18814 18824 18829 18830 18831 18836 18847 18878 18879 18896 18906 18918 18933 18945 18946 18947 18952 18960 18968 18969 18972 18973 18977 18978 18997 19010 19017 19026 19027 19035 19042 19046 19073 19080 19086 19094 19100 19110 19118 19129 19142 19144 19159 19230 19262 19279 20302 20304 20306 20307 20713 20714 20722 20834 20835 20842 
	}
	naval_terrain=water_fjords
	weather={
	}
}
