strategic_region={
	id=280
	name="STRATEGICREGION_280"
	provinces={
		19 38 80 86 110 206 212 220 228 248 259 265 280 312 381 398 451 480 493 550 557 574 618 621 625 640 648 707 715 823 866 880 949 984 1034 1061 1069 1103 1140 1157 1195 1220 1267 1291 1296 1318 1352 1373 1419 1466 1482 1490 1514 1562 1622 1638 1646 1681 1693 1702 1765 1789 1790 1827 1862 1923 1963 1990 2013 2057 2059 2062 2138 2159 2166 2181 2224 2229 2235 2247 2268 2313 2314 2338 2395 2420 2450 2478 2501 2543 2545 2556 2619 2626 2632 2654 2689 2690 2738 2769 2838 2856 2881 2999 3006 3019 3082 3114 3120 3136 3139 3141 3154 3189 3192 3193 3194 3222 3292 3372 3380 3428 3486 3494 3521 3530 3567 3582 3590 3593 3652 3709 3721 3725 3731 3748 3755 3762 3770 3777 3834 3845 3846 3884 3901 3927 3932 3952 3966 4003 4010 4012 4019 4022 4043 4068 4089 4125 4138 4142 4158 4173 4184 4207 4276 4336 4342 4343 4367 4423 4439 4445 4465 4488 4493 4508 4532 4540 4556 4562 4566 4601 4612 4616 4623 4629 4648 4649 4661 4667 4671 4685 4689 4692 4693 4783 4867 4906 4947 4953 4973 4976 4986 5039 5040 5075 5118 5120 5122 5130 5170 5272 5297 5350 5373 5392 5471 5475 5517 5567 5580 5587 5652 5656 5677 5688 5763 5801 5808 5816 5822 5830 5866 5874 5929 5933 5966 6040 6084 6119 6183 6196 6202 6239 6240 6268 6281 6285 6288 6289 6309 6314 6334 6355 6387 6529 6539 6542 6564 6605 6613 6655 6661 6665 6672 6693 6731 6751 6770 6781 6799 6815 6851 6854 6869 6873 6891 6899 6973 7011 7037 7059 7070 7087 7094 7114 7115 7120 7125 7148 7164 7205 7308 7326 7329 7335 7374 7389 7400 7456 7479 7517 7524 7533 7585 7592 7605 7638 7643 7647 7712 7722 7739 7757 7762 7764 7809 7830 7844 7877 7882 7884 7891 7907 7921 7964 7967 7968 7987 8006 8041 8082 8098 8113 8130 8155 8185 8236 8273 8283 8287 8314 8348 8358 8368 8373 8375 8407 8427 8461 8469 8478 8514 8539 8547 8591 8600 8607 8647 8670 8713 8715 8723 8860 8889 8912 8924 8979 8980 9031 9044 9067 9084 9093 9178 9221 9228 9286 9295 9308 9312 9344 9387 9403 9411 9412 9479 9513 9517 9525 9550 9594 9628 9653 9687 9712 9752 9758 9789 9813 9837 9846 9911 9919 9931 9942 9963 10010 10047 10072 10079 10081 10124 10266 10286 10359 10361 10365 10462 10473 10499 10514 10529 10531 10600 10610 10611 10614 10618 10656 10705 10713 10786 10799 10806 10814 10851 10863 10868 10878 10895 10933 10946 10961 10968 10976 11064 11066 11071 11089 11098 11108 11112 11144 11156 11170 11206 11258 11265 11325 11343 11344 11361 11364 11428 11441 11448 11449 11467 11486 11495 11519 11550 11553 11573 11643 11762 11764 11766 11767 11770 11779 11781 11783 11784 11788 11794 11802 11806 11810 11812 11813 11819 11821 11822 11825 11830 11833 11834 11835 11842 11844 11846 11849 11850 11851 11855 11857 11858 11863 11866 11870 11875 11876 11879 11880 11882 11883 11887 11889 11898 11899 11901 11905 11907 11910 11911 11912 11913 11914 11915 11918 11920 11924 11925 11928 11936 11941 11942 11947 11948 11950 11951 11953 11957 11961 11968 11969 11972 11973 11974 11978 11980 11985 11993 11994 11995 11999 12005 12010 12011 12014 12015 12024 12025 12030 12038 12043 12045 12046 12052 12062 12066 12067 12074 12080 12089 12091 12097 12098 12099 12100 12102 12112 12117 12118 12119 12120 12121 12128 12129 12138 12149 12150 12151 12162 12169 12173 12174 12175 12176 12179 12180 12191 12192 12196 12203 12205 12212 12217 12228 12232 12233 12238 12245 12246 12251 12256 12259 12260 12264 12265 12270 12273 12277 12280 12291 12298 12302 12307 12311 12313 12323 12325 12329 12335 12341 12351 12356 12360 12362 12368 12369 12374 12375 12382 12384 12385 12398 12399 12400 12402 12405 12406 12407 12412 12413 12418 12419 12426 12427 12428 12430 12431 12432 12441 12442 12443 12447 12448 12449 12456 12457 12462 12463 12470 12471 12481 12483 12484 12487 12488 12490 12493 12494 12500 12501 12502 12509 12510 12512 12513 12519 12522 12524 12529 12534 12538 12544 12552 12553 12558 12559 12561 12570 12572 12573 12574 12576 12588 12589 12594 12595 12597 12600 12601 12602 12605 12607 12608 12609 12613 12615 12620 12623 12630 12631 12635 12636 12640 12641 12643 12645 12652 12663 12674 12679 12687 12689 12690 12691 12693 12702 12706 12709 12710 12712 12717 12732 12736 12743 12752 12753 12760 12761 12772 12773 12775 12776 12781 12790 12792 12794 12796 12802 12803 12804 12810 12817 12822 12833 12843 12844 12845 12850 12851 12852 12865 12869 12875 12876 12887 12890 12893 12901 12902 12909 12919 12920 12923 12928 12931 12933 12940 12941 12949 12952 12954 12964 12970 12971 12978 12983 12988 12993 12999 13005 13012 13014 13015 13016 13020 13021 13032 13038 13048 13049 13052 13061 13071 13100 13103 13107 13108 13109 13110 13116 13144 13159 13160 13166 13182 13183 13189 13193 13201 13202 13206 13207 13215 13226 13228 13265 13275 13282 13291 13316 13331 13340 13341 13359 13364 13365 13378 13384 13393 13396 13404 13408 13409 13435 13448 13449 13456 13460 13473 13474 13489 13499 13502 13512 13528 13548 13584 20727 20728 20732 20733 
	}
	weather={
		period={
			between={ 0.0 30.0 }
			temperature={ 12.0 30.0 }
			no_phenomenon=0.500
			rain_light=0.250
			rain_heavy=0.100
			snow=0.000
			blizzard=0.000
			arctic_water=0.000
			mud=1.000
			sandstorm=0.000
			min_snow_level=0.000
		}
		period={
			between={ 0.1 27.1 }
			temperature={ 12.0 30.0 }
			no_phenomenon=0.500
			rain_light=0.250
			rain_heavy=0.100
			snow=0.000
			blizzard=0.000
			arctic_water=0.000
			mud=1.000
			sandstorm=0.000
			min_snow_level=0.000
		}
		period={
			between={ 0.2 30.2 }
			temperature={ 12.0 30.0 }
			no_phenomenon=0.500
			rain_light=0.250
			rain_heavy=0.100
			snow=0.000
			blizzard=0.000
			arctic_water=0.000
			mud=1.000
			sandstorm=0.000
			min_snow_level=0.000
		}
		period={
			between={ 0.3 29.3 }
			temperature={ 12.0 30.0 }
			no_phenomenon=0.500
			rain_light=0.250
			rain_heavy=0.100
			snow=0.000
			blizzard=0.000
			arctic_water=0.000
			mud=1.000
			sandstorm=0.000
			min_snow_level=0.000
		}
		period={
			between={ 0.4 30.4 }
			temperature={ 12.0 30.0 }
			no_phenomenon=0.500
			rain_light=0.250
			rain_heavy=0.100
			snow=0.000
			blizzard=0.000
			arctic_water=0.000
			mud=1.000
			sandstorm=0.000
			min_snow_level=0.000
		}
		period={
			between={ 0.5 29.5 }
			temperature={ 12.0 30.0 }
			no_phenomenon=0.500
			rain_light=0.250
			rain_heavy=0.100
			snow=0.000
			blizzard=0.000
			arctic_water=0.000
			mud=1.000
			sandstorm=0.000
			min_snow_level=0.000
		}
		period={
			between={ 0.6 30.6 }
			temperature={ 12.0 30.0 }
			no_phenomenon=0.500
			rain_light=0.250
			rain_heavy=0.100
			snow=0.000
			blizzard=0.000
			arctic_water=0.000
			mud=1.000
			sandstorm=0.000
			min_snow_level=0.000
		}
		period={
			between={ 0.7 30.7 }
			temperature={ 12.0 30.0 }
			no_phenomenon=0.500
			rain_light=0.250
			rain_heavy=0.100
			snow=0.000
			blizzard=0.000
			arctic_water=0.000
			mud=1.000
			sandstorm=0.000
			min_snow_level=0.000
		}
		period={
			between={ 0.8 29.8 }
			temperature={ 12.0 30.0 }
			no_phenomenon=0.500
			rain_light=0.250
			rain_heavy=0.100
			snow=0.000
			blizzard=0.000
			arctic_water=0.000
			mud=1.000
			sandstorm=0.000
			min_snow_level=0.000
		}
		period={
			between={ 0.9 30.9 }
			temperature={ 12.0 30.0 }
			no_phenomenon=0.500
			rain_light=0.250
			rain_heavy=0.100
			snow=0.000
			blizzard=0.000
			arctic_water=0.000
			mud=1.000
			sandstorm=0.000
			min_snow_level=0.000
		}
		period={
			between={ 0.10 29.10 }
			temperature={ 12.0 30.0 }
			no_phenomenon=0.500
			rain_light=0.250
			rain_heavy=0.100
			snow=0.000
			blizzard=0.000
			arctic_water=0.000
			mud=1.000
			sandstorm=0.000
			min_snow_level=0.000
		}
		period={
			between={ 0.11 30.11 }
			temperature={ 12.0 30.0 }
			no_phenomenon=0.500
			rain_light=0.250
			rain_heavy=0.100
			snow=0.000
			blizzard=0.000
			arctic_water=0.000
			mud=1.000
			sandstorm=0.000
			min_snow_level=0.000
		}
	}
}
