5 35 15809 15739 2254 10042 102 9152 4506 15067 4477 7210 14743 4854 9264 5127 5410 14294 14217 8269 4970 13986 13954 3581 8811 1644 8162 13735 960 13717 11038 13721 11473 13687 6134 13607 448 
2 14 15809 15739 4592 15690 10627 5514 15674 15605 5497 10301 4305 9163 15417 15339 
3 3 102 15427 15417 
3 6 2254 8100 5768 1271 8913 15341 
2 8 15341 9814 3478 8268 8484 15082 5593 11518 
2 13 15655 1392 15551 5666 7388 15516 1100 15591 15550 1025 9238 3305 5768 
5 5 14775 4061 14867 14935 4477 
5 8 14775 7161 14701 10871 14759 3661 14760 3267 
2 8 8403 14598 14539 7419 14459 6503 14393 14305 
3 10 5127 14418 6140 3095 6821 8234 4120 14296 4191 14305 
2 5 6789 4669 14108 2079 4120 
2 3 11518 9303 3661 
2 16 3483 6180 6935 8363 6989 10733 14131 10040 10866 4955 9851 10350 13969 13970 14013 4970 
3 9 4970 14027 9348 1961 13856 5548 4905 10190 11266 
1 4 11266 14068 10331 2079 
3 12 403 13806 13781 7561 13812 13866 7301 13939 6789 14004 6048 11266 
2 5 1644 8112 11065 8238 13566 
2 10 13628 523 13627 13673 13672 1306 11002 13708 13730 4905 
2 5 10519 6323 9535 7896 13566 
2 8 523 13586 13550 4254 11516 13529 260 10519 
2 3 3483 13707 13687 
1 9 15551 5913 8255 15261 15131 7943 15046 15045 11518 
5 5 3346 14669 14686 3314 3267 
1 2 14701 8403 
3 14 8403 14558 7556 14565 760 14526 7273 3065 14385 979 1973 4292 4793 7098 
1 5 7098 2972 13963 13930 7301 
1 6 403 8714 13944 3896 13955 14005 
1 3 2972 7823 8714 
1 11 14334 14239 4109 14139 14123 3648 2097 14019 4816 10620 14005 
1 10 14139 4035 1999 4232 7923 6105 8992 11393 14263 9607 
1 13 9607 7512 10039 10163 1233 14327 1922 14351 14344 8327 2900 9562 14334 
1 6 1233 5568 14467 1984 10270 14509 
5 7 3346 4413 8131 14761 4237 14841 14823 
1 5 14823 3531 6940 1875 14500 
1 7 14500 8815 14394 2645 14342 6768 1973 
1 7 2645 14390 858 6919 3497 14642 3346 
1 5 14500 6341 711 5256 14334 
1 9 3531 6406 3018 8027 7332 14643 11052 3007 14509 
2 4 4472 16012 6135 1476 
2 7 4472 15950 11444 15832 8966 15648 15606 
2 5 15352 15386 15429 9933 15606 
2 4 15606 9142 15571 15448 
2 8 3015 8464 15684 15656 3700 15657 8459 15571 
2 7 5494 15744 4323 15675 2250 15580 3015 
3 9 14823 1761 136 6571 14981 508 7352 112 62 
3 7 15352 1146 15191 7942 15112 6829 62 
2 5 5494 15691 1556 5835 15655 
1 3 15270 11106 15131 
2 5 11409 7327 10673 4024 15580 
2 9 11409 1970 15218 628 15291 5509 1070 4688 15270 
2 4 1970 6967 15060 136 
1 14 2038 16280 6823 16235 11605 16195 6315 16094 3975 16034 7698 7498 632 8966 
1 8 2038 10947 5532 10248 16006 2676 4551 5494 
2 8 11409 4496 15247 11213 3983 15094 15075 6829 
2 4 3558 13170 13233 13268 
2 10 11308 3872 7026 13256 4267 355 4826 10259 6964 10269 
2 4 10269 13268 13258 13178 
2 4 13178 13087 7752 12991 
2 5 12991 10420 4433 6258 12966 
2 14 7026 13162 13112 2927 13042 13002 12966 11629 43 12807 12764 4637 1198 3132 
2 5 10269 5450 8822 13417 3453 
3 7 15352 6163 9494 15308 10424 15169 10680 
2 25 10680 15282 7707 15262 6305 15309 15283 8655 11053 5123 15163 15077 4328 4453 14952 6447 14843 7103 10131 14776 180 9092 14615 8653 14475 
1 16 6356 5869 1898 2212 5085 14436 1739 7477 2586 4830 14704 2382 471 14808 10646 9495 
2 8 14436 14368 1772 4176 14244 1016 14228 6356 
2 5 1772 8611 14380 5871 14361 
1 3 562 4293 14361 
2 10 562 14310 14386 7916 14419 14482 2331 14452 14411 1233 
2 17 4453 2152 9495 4828 14982 6023 5893 14875 14819 11090 14891 14868 5362 14796 7569 14842 8861 
2 5 8861 963 14898 14960 62 
2 5 10680 9504 9261 11069 14868 
2 3 14475 14405 5247 
2 4 5247 4320 14258 6356 
1 9 14361 14420 4848 8896 9516 14672 6790 14851 6023 
1 6 5362 14715 14627 14567 1817 2331 
1 4 8269 11013 7902 11266 
5 21 4086 13192 10421 3383 13272 9887 6677 1393 9410 3689 13372 13366 10417 8527 13530 11191 506 9209 2357 4650 13790 
2 3 11308 10287 10519 
2 7 13417 13463 10877 11496 9709 522 13537 
2 6 11496 3200 13611 13638 11292 13628 
2 5 13781 13736 4278 13658 3200 
3 12 2357 9114 13713 5457 13726 13748 4585 13822 3415 6251 11560 14005 
2 7 13537 3867 9331 9272 13301 13244 13191 
5 27 4086 2500 12996 9362 12917 12889 2721 3505 7198 12864 12831 10530 2154 8669 7177 12556 9154 2983 12611 3132 12528 4311 5411 8051 4049 11532 12247 
5 35 13394 13438 7434 4890 8639 7706 13484 13483 4195 6706 13553 3001 413 2988 4112 13750 13815 9380 10353 4743 509 3014 4484 8632 6248 6472 13834 13844 13857 6682 13932 3168 2664 10282 13790 
3 20 10655 3218 9193 12521 3005 7364 3131 11127 3629 12897 10956 4034 8067 13097 7746 13155 13210 10750 4983 13394 
2 6 12991 12906 6393 12819 12795 2154 
2 6 12864 4728 7440 2757 6344 8626 
2 5 13191 9061 10787 504 13192 
3 8 13726 13712 833 13621 13574 187 8172 9272 
2 7 12917 12962 1887 13040 13080 13125 13191 
2 7 12906 12863 12813 9477 12744 12707 3132 
1 4 6356 14140 5962 8619 
2 9 5164 14072 5500 14022 14043 3395 13956 10995 13834 
2 6 14063 14007 14021 13912 13900 6682 
1 3 3395 14015 14063 
1 4 5164 1380 8319 8619 
2 4 8619 3544 757 13815 
3 4 4743 2793 13823 6472 
1 6 14063 7710 8788 4104 14268 7512 
1 3 14310 11257 4104 
2 5 5247 8608 4873 14179 1143 
2 6 14140 6833 1667 4147 14095 1143 
2 4 1143 9568 14069 11540 
2 5 7001 13608 9117 6610 7434 
2 4 8046 2216 6264 6604 
2 6 6604 9622 5042 13575 4519 13568 
1 4 7001 10435 2946 11430 
2 3 11430 13852 3544 
1 4 13568 10035 13542 9117 
2 6 13394 8313 4513 13485 10518 4519 
2 8 11540 4622 14023 11377 1479 13807 13758 8046 
1 6 7001 13744 2124 13881 13950 4147 
2 8 10655 9751 12394 2985 12283 12266 11505 12208 
2 3 11401 7799 12208 
2 3 9476 12489 12521 
2 8 9476 12489 9841 12415 7478 12350 5458 10658 
2 6 10658 12286 262 12200 12190 11371 
2 5 12200 12189 11102 12127 4930 
1 11 11401 3974 12154 12159 10409 12040 4930 4286 1865 4591 3046 
1 7 3046 3991 3730 12008 3523 7171 12190 
1 7 2737 1846 12662 6634 3134 590 9476 
2 7 8313 13319 7322 7628 10674 3089 13197 
1 5 826 6283 12926 12899 12800 
1 7 12705 749 12664 12639 2105 1974 6875 
1 9 2397 9167 12835 12821 12780 1704 1365 12726 12705 
1 8 2674 12480 12508 6462 7252 5252 9832 12705 
1 11 826 12948 12905 6982 5771 12786 1784 10717 4584 749 12705 
2 3 349 13031 4034 
2 2 11072 349 
1 5 2737 12748 5698 6464 12800 
1 5 13004 4473 1096 9080 12899 
2 8 11072 5755 13004 13024 13077 5455 13156 13197 
1 9 11371 12236 7952 6729 12345 12322 12353 3396 10658 
1 7 5458 12304 12267 12230 341 5813 10409 
1 3 12127 9510 5813 
1 3 11127 12701 12662 
1 4 12159 7547 11109 2985 
1 5 7478 5148 12349 2126 11109 
1 5 12748 10109 10074 2259 349 
1 6 7628 13139 13092 13081 13031 349 
5 7 448 7845 13410 5561 7106 13344 10027 
2 3 11065 3769 13522 
2 7 3062 9243 1484 5228 11363 13494 13522 
1 2 3062 9535 
2 4 1484 13414 13397 13351 
2 7 13351 6214 2133 2504 1343 13318 13344 
3 6 13522 1598 13536 3911 9087 7845 
5 13 10027 4463 10832 3727 2432 143 10120 2293 12912 6035 12855 8505 4726 
2 3 6214 8638 315 
2 5 13231 13203 7377 13211 315 
2 4 13231 9990 13096 3181 
2 4 13112 13079 13075 3181 
2 4 3181 10484 9171 503 
2 5 503 12856 1493 12797 4726 
3 2 10120 620 
3 4 315 1933 13141 3727 
3 5 620 13030 13064 13104 1933 
2 6 13096 1342 6844 1071 3434 13030 
2 5 503 12924 5333 12945 12966 
1 4 11308 5360 6876 13231 
3 4 12996 10138 196 11366 
3 9 11366 12872 12880 12895 7223 12904 12857 12820 5105 
3 7 5105 12742 12716 12669 4879 2804 3097 
3 4 3097 12499 1661 11554 
2 7 11554 4119 1059 5964 3578 12352 3687 
3 4 2721 7570 12730 7082 
2 3 605 12437 3578 
1 3 605 12566 3667 
2 5 3687 12332 12366 1532 6705 
2 4 6705 11138 12476 762 
3 5 7082 12654 2231 12542 762 
3 3 12730 7560 12629 
3 3 12542 4470 12629 
3 5 7198 6132 12703 5244 12629 
1 5 3667 5298 6139 932 11366 
2 8 5105 10084 12715 8797 12649 4751 12579 605 
2 6 8797 12644 12655 6773 4219 3097 
2 6 11366 12829 700 12724 1396 8797 
1 5 11605 3821 16456 4869 2637 
2 9 2637 4984 8414 2245 7022 5387 16646 16729 7735 
2 4 7022 5628 16365 3890 
1 3 3890 6128 3975 
2 8 1476 16152 16134 11024 16215 16331 441 5628 
3 4 7459 15457 3968 6305 
2 4 15457 7621 2536 10900 
2 3 10900 9836 15616 
2 4 15616 15692 1952 15810 
2 3 15616 15572 7459 
2 5 15810 15773 20 9617 1225 
2 3 3968 15539 1225 
1 2 1952 15572 
1 5 9617 11193 8096 15867 4472 
1 2 10900 11053 
3 4 14645 7574 14572 8653 
3 4 3068 14729 8786 14645 
1 2 3068 9092 
3 4 14645 14573 6592 3364 
3 5 14645 5113 4080 11216 2861 
3 5 3364 14621 6978 1093 2861 
3 4 6592 10370 10063 5247 
2 5 3687 12254 12216 12166 331 
2 3 331 12071 12053 
2 4 3055 2998 1641 12071 
1 8 12071 4115 94 11934 11908 11856 4654 6473 
1 3 11908 1619 11126 
1 3 11933 614 1619 
2 6 12110 11117 12115 6330 4673 11933 
2 4 948 4288 12185 144 
2 3 12110 12070 144 
2 3 9528 12328 948 
3 4 12542 4892 12517 8947 
3 3 2417 8969 9528 
1 2 2417 8947 
3 2 9528 9899 
2 7 3055 12262 12261 12226 4153 115 4288 
2 5 2417 10330 11238 6481 12261 
2 4 9528 7499 12278 12248 
2 5 144 5807 1837 5115 12248 
2 3 12332 160 3055 
2 5 6705 12436 11195 12390 11238 
1 7 15676 15729 9631 1678 15899 15967 15900 
1 4 15967 7946 16022 16040 
1 7 2943 16807 9256 6399 1320 2886 16358 
1 3 16358 16248 16179 
1 9 16179 5429 9546 950 16044 769 15916 5747 15833 
1 6 15833 5747 15841 3111 8721 15676 
1 6 15676 11387 1588 15410 4066 15292 
1 5 15243 2659 10676 15061 11538 
1 5 15292 8973 15297 15220 2659 
1 5 15254 11240 4449 8064 15243 
1 6 11538 14962 14963 2353 15095 11240 
1 4 15900 1535 15725 2971 
1 3 1678 15705 15725 
1 6 2971 7843 15496 8506 11429 15243 
1 11 7946 5171 5701 16083 10264 16180 16216 1298 16301 7406 16358 
1 3 2943 16833 7735 
1 5 15833 297 15852 1404 15810 
1 4 11538 14953 14899 14776 
1 6 2861 1302 8901 15071 11526 15254 
1 7 16358 1725 10494 7917 16228 16205 1476 
1 4 7952 5918 12220 3513 
1 7 3513 4807 7163 12231 10321 12263 9944 
1 7 9944 3477 12378 12395 5952 2199 12334 
1 13 12334 2914 1278 10044 8446 7681 7674 12237 9174 12211 12222 1574 12275 
1 5 12275 1574 1926 5320 9434 
1 5 9434 9042 5361 11921 11900 
1 9 10848 8331 11998 5925 8680 11976 9983 7840 8091 
1 5 3730 1478 8074 7567 6597 
1 5 3513 4524 8530 12035 6597 
1 6 8091 2740 11491 8760 12001 6763 
1 5 7163 8318 12133 7827 6763 
1 7 6597 12009 12036 12037 12022 5465 6763 
1 5 12156 6317 915 12079 6763 
5 15 12247 4287 2498 4316 10283 12393 7004 12377 12404 5459 11197 12465 10015 10926 1942 
5 20 1942 12514 738 3099 15 12491 12451 8708 6879 6820 2465 12547 12580 11139 3811 9426 12778 4213 12763 12728 
1 4 8708 6295 10650 5386 
1 8 5386 8711 3496 12309 8110 12218 12193 933 
1 10 933 12146 3081 12225 10552 482 12315 6559 5931 9558 
1 8 9558 10501 12458 7131 911 5596 3631 10090 
5 3 12728 12754 12733 
2 6 12961 12915 3553 12847 4069 12754 
3 7 15 12540 12598 2305 11244 8194 6205 
3 9 8194 7620 7914 4088 12911 1058 1033 5934 12961 
3 3 12580 10054 10598 
1 8 9558 4203 5321 6170 1377 12624 8259 12733 
1 8 12193 12257 2960 12336 12364 7283 12459 10598 
2 4 9870 6561 6255 10090 
2 4 12733 12777 12846 12891 
2 4 12891 10813 5208 13000 
1 6 12546 2711 2935 3235 10220 4695 
1 4 10220 12812 7546 12934 
2 4 12877 10129 25 133 
1 5 3235 12727 7354 5719 133 
2 3 13000 7829 9870 
2 5 8114 2916 5610 9281 12877 
2 4 9870 4613 12929 2916 
2 6 12934 10045 2559 13062 7676 2970 
2 5 4600 13349 13298 7146 2970 
2 7 11030 13666 13639 2726 8196 13504 4600 
1 10 13298 3533 8322 13333 13370 2594 13350 13389 5944 3561 
2 6 3561 961 8349 2600 13167 6368 
2 4 8114 13074 13117 6368 
2 17 961 3967 6367 2280 13390 13391 10802 5015 5753 13343 13322 3778 4307 13186 4468 13127 13082 
2 3 5289 8058 3778 
1 7 13390 10916 2962 13254 7690 9372 13127 
1 6 7690 414 107 13325 13371 5753 
3 5 5077 13556 6617 1603 3561 
3 7 9943 9998 6073 8574 13684 2459 5077 
2 3 977 5147 2142 
3 6 5147 6491 7822 9523 4187 9943 
2 6 11030 6785 13769 4605 13855 9943 
2 7 12934 2467 5536 5012 11424 10467 5610 
2 10 2970 13234 13230 13194 1155 13084 9807 13136 2952 6368 
1 4 12546 4901 11336 8109 
2 6 977 6332 14243 3825 4663 7822 
1 2 14262 3825 
2 6 5077 3248 6742 3875 13682 11030 
1 10 522 5820 7861 11646 5538 13293 10317 6841 13146 8626 
2 7 12820 8782 12896 12936 12937 12980 13013 
2 6 12661 12671 12670 6189 7777 12651 
2 7 12661 9941 10255 12571 12567 12586 6189 
2 3 4501 10378 12208 
3 2 5244 12648 
3 3 12648 1700 6296 
3 3 12556 12565 6296 
3 3 12537 12549 6296 
3 4 12537 12533 12497 8947 
3 5 12537 12496 12454 1458 9899 
3 5 1458 10442 3106 9761 411 
3 4 9154 12515 8492 411 
2 4 7440 5894 12894 12819 
2 4 9477 8679 6249 7177 
5 10 4287 4008 6089 12531 2226 12646 1568 12692 12735 4726 
5 9 6089 7929 4316 12240 12188 12195 2901 742 12213 
5 10 6089 12452 12435 1037 4049 10521 12321 10407 5330 12213 
2 9 742 129 12081 12056 12026 9455 4748 11981 5823 
3 11 4748 12077 12131 6684 12147 8260 4502 12299 8706 10731 10926 
3 11 10926 10849 7204 12675 12723 7292 12823 2524 12859 9148 143 
2 9 12692 3004 4480 4895 3025 6807 12695 12755 12823 
2 8 11197 12444 3178 12440 11135 6168 3124 4895 
2 5 6168 740 12460 3233 6089 
2 4 1493 5068 10061 1568 
2 7 5068 6324 5266 5973 12532 10340 1037 
3 3 10340 4255 5411 
3 7 5411 12548 11324 12667 5605 4525 12807 
3 3 10689 12536 12528 
3 3 10689 1444 411 
3 7 411 12379 12348 12294 5340 12289 12321 
2 13 5340 12164 8294 6992 9725 11958 3632 11927 11895 11865 9013 1689 11808 
1 3 11828 6603 11865 
1 9 11828 4811 11861 8894 2058 11547 1709 7652 1676 
1 3 1676 12020 5807 
2 9 8294 6788 12094 6895 12032 440 7015 8434 742 
2 5 10407 11396 10210 12104 6895 
2 7 12026 12039 249 10326 424 4040 9013 
2 8 12240 12239 113 12300 12281 7984 6287 5459 
1 2 8706 6287 
2 3 113 5643 12131 
2 7 3106 12365 8479 9306 12229 4771 5115 
2 4 12164 1360 5539 4771 
3 8 4049 1727 61 7165 12389 2638 12421 10689 
3 3 12389 10881 12289 
5 3 2901 12282 12247 
3 7 4008 12388 11532 12330 12293 7694 12282 
3 5 4008 2498 2037 4352 12282 
3 2 12293 10407 
3 2 4352 12240 
2 12 13631 6809 9185 13679 13702 4962 13624 8325 13609 13630 1674 6604 
2 11 6592 11214 2518 14397 4355 14299 8586 2781 14136 14079 11377 
2 9 8586 14282 9915 14312 3273 10585 3467 6154 14329 
1 9 14329 5809 14272 7241 4756 691 9898 14187 2410 
1 10 7241 14159 1995 690 7315 3216 6246 3791 13967 7940 
1 7 7315 7006 13845 4197 10216 13680 13631 
2 6 1479 7900 11286 4994 2905 6748 
2 6 6748 13876 1442 6547 11221 4962 
2 2 10585 14183 
1 5 2989 14511 14431 4304 10446 
1 7 10446 14284 1549 7912 5175 11372 7940 
1 7 2989 14477 14413 7018 10275 1722 2410 
1 3 2410 10875 14220 
1 5 14220 11536 14221 14175 7912 
1 7 14159 3942 3321 13983 405 5657 6748 
1 15 11808 6688 9145 11763 11757 4824 179 7007 4969 1799 11840 5541 11873 7571 2625 
1 3 11828 7540 4824 
1 8 179 11743 2414 11754 4724 7291 11792 2625 
2 9 8172 13477 5721 2377 13490 13517 5405 11581 8527 
3 10 16048 4538 16104 16038 16068 10333 8457 16272 2319 3133 
5 3 736 16430 6169 
2 5 6169 16431 16442 8048 11048 
2 3 11048 16262 16272 
5 4 16115 2196 16114 9182 
5 4 16342 571 5128 9182 
5 3 8859 16315 5128 
5 5 6169 11579 16577 7074 9289 
1 6 11048 7581 16271 9033 9548 8388 
1 6 3402 17408 17402 2049 5769 17276 
1 4 17276 17226 9667 17101 
1 3 17276 17310 10793 
1 5 10793 4598 17393 7263 17427 
1 4 17393 3257 17277 17203 
1 3 2810 10669 3402 
1 3 3402 7872 17337 
1 6 10793 4729 17426 1483 2405 7864 
1 5 17276 685 17119 17032 243 
1 5 17427 4253 4840 17130 11151 
1 4 17427 17351 2371 11630 
1 5 3234 2155 8378 11522 17203 
5 6 16342 6810 16498 3243 16576 16542 
2 6 16907 6300 9384 1448 1104 16576 
1 9 17101 10455 1839 11598 3487 244 16608 7101 16498 
2 7 16907 11628 3427 9386 2098 2907 17337 
1 4 9289 2592 6936 243 
1 4 9289 16760 4672 2155 
1 7 244 16716 2516 4715 5389 16653 16577 
4 6 17662 598 1964 17425 1584 10495 
4 12 8959 17518 17425 1001 5199 17154 11231 1353 8121 6476 16841 1998 
3 5 1998 16932 6252 10488 11185 
3 9 17522 17463 17531 8932 17496 8233 17424 10774 1964 
3 3 11185 17387 17463 
3 5 17022 17100 17172 2609 11185 
3 9 17022 931 11275 17163 9224 5924 5325 17341 10836 
2 3 657 17300 10836 
2 6 17309 17234 17242 17289 9156 657 
2 5 17309 4240 17392 17445 780 
2 4 10524 6458 17282 9325 
1 2 9325 780 
2 12 10524 6600 17241 17199 9079 17208 10756 10722 3367 11478 17171 17170 
2 10 17170 10906 10841 6691 3570 8561 17444 17487 17488 6034 
2 4 4281 17599 1509 6691 
3 21 17599 17598 4754 4122 17517 17453 9771 5026 17260 17184 17078 6883 16989 17016 8891 6630 17069 10936 11576 2604 17453 
1 4 6034 5619 11211 2778 
2 3 17808 10512 2778 
2 8 17808 17893 8740 9559 17919 17994 6975 18096 
2 8 18038 18087 3822 6110 18033 1456 9321 18096 
1 8 10836 17400 17435 2310 2934 17621 17708 17720 
2 8 17720 17766 1811 1063 4087 2608 18091 18144 
2 5 9773 18190 18161 7685 18091 
2 12 9773 3150 18090 18017 4908 18016 3123 18002 6558 17995 11485 18038 
3 14 18471 1487 18297 11589 18261 18135 18207 18073 6463 17906 9668 7097 18066 18144 
2 7 18471 1920 2179 18304 9285 9833 9750 
2 18 17662 17854 17975 8364 18034 6430 17922 2242 17907 6475 17984 18005 8195 17976 6620 4479 10948 3272 
2 12 9750 18286 7503 18174 18145 18216 18250 18163 18093 1975 4062 3272 
1 4 9285 1936 5476 17907 
1 3 10948 7926 18093 
1 3 11589 8154 17975 
3 5 17496 17614 399 5983 17906 
2 4 3792 17586 17601 17522 
1 4 17766 6270 17660 3792 
2 6 9325 10415 17411 11284 17423 6034 
1 7 17445 9259 17559 5778 11215 9499 11485 
1 5 18016 428 2089 5680 17708 
3 7 17154 8044 10159 10740 839 17201 10488 
2 4 6034 2108 9975 9079 
2 5 7408 7285 9897 16531 16542 
3 20 10495 4416 17609 17655 9962 17542 3758 2460 17480 17560 17498 2486 17401 6582 17474 5470 17475 1006 17302 7392 
1 2 1006 2907 
2 5 2162 17166 4769 9690 16907 
2 3 7392 1570 4769 
2 14 2162 9988 360 11636 11349 17144 17193 17129 17059 11121 17165 4429 8603 17154 
3 7 4429 9953 6348 16788 4606 10457 16842 
2 4 7408 16690 11509 16842 
3 6 1584 2431 5624 1815 2851 17165 
2 6 17655 17541 17497 1600 17325 2851 
2 4 11349 17031 16917 11509 
1 5 9690 16772 197 16661 7408 
1 6 17166 4842 4299 123 8823 16917 
1 19 11155 19609 8169 7650 19495 19478 19494 6385 9723 247 828 2639 18940 18869 10930 7792 7901 8177 2639 
1 5 10930 18856 18809 5473 5404 
1 9 5404 18757 18810 18860 18870 2023 3817 18948 11408 
1 10 4165 9904 10822 19121 7887 19102 10604 19066 4982 11408 
1 9 10822 1519 19222 19287 19336 19398 19449 776 10666 
1 7 5369 9 3112 3108 19179 19127 10604 
1 12 11155 8558 7425 1089 19630 19580 19544 19516 2266 19434 19465 5369 
1 17 5404 18657 9106 10075 18568 435 18526 18504 11386 7545 18555 5232 4742 2865 3882 109 18370 
1 21 18370 18470 18538 18606 9848 18744 18817 8057 18807 18818 8618 18927 18963 5205 4358 7139 19201 8562 19314 9609 6385 
3 5 1076 8758 18506 3807 7824 
3 3 1076 18155 3175 
2 5 18155 6949 18124 4062 3272 
1 2 3175 2810 
3 6 1076 5696 18175 18098 18108 3726 
1 4 3726 17899 17810 7864 
3 5 7824 9462 18730 18595 18527 
2 7 18527 18400 18313 872 9976 18125 3726 
1 2 3175 5696 
2 4 18506 18432 4048 18155 
3 5 1076 1507 6500 400 18527 
1 3 16431 16307 16271 
3 6 2300 6031 19503 10212 19499 5819 
3 10 3864 11571 3462 5306 8310 19451 10140 10271 19456 5819 
3 5 3864 19229 19175 19125 11293 
2 6 19125 2276 9474 729 19009 3183 
2 4 3183 7979 18917 808 
3 8 19360 4452 7267 19224 4991 8026 11634 18996 
5 2 19386 6347 
3 4 19360 5109 2574 1664 
3 3 1664 3408 5819 
2 8 3183 19057 19099 19168 2736 6822 2044 4452 
2 3 19168 11015 18996 
3 5 11293 2662 19191 19197 19211 
2 5 3864 19283 19333 11369 2118 
3 3 19211 2118 3545 
2 7 19211 2118 3545 19334 1758 2891 11435 
2 3 2891 19427 1758 
2 8 2891 19523 3485 1748 871 10254 19591 4937 
2 6 4937 19587 19560 19515 19447 5306 
3 6 19447 3658 654 19376 6450 11369 
3 4 871 2083 19377 3545 
2 6 3462 19345 6005 1341 19401 1664 
3 4 654 19460 944 2083 
3 5 3183 9980 10935 4338 18996 
3 5 11435 1637 9287 8971 19151 
3 3 1637 19187 19151 
5 2 4942 19386 
4 4 1664 19295 19216 19248 
4 4 19099 10191 2658 19248 
4 4 9474 9040 19186 19248 
5 3 2300 19502 19386 
3 3 2300 19426 19360 
3 3 19360 19332 4942 
3 3 19426 19332 7267 
3 4 19502 11403 19552 6347 
2 2 19499 19456 
3 3 19502 19422 4942 
3 2 6347 4942 
3 3 6347 19552 19386 
3 3 4942 19422 19386 
3 3 19502 19422 19386 
3 3 19502 11403 19386 
3 5 808 4674 11410 6792 11293 
1 4 10294 17292 7003 7756 
1 5 7756 17103 17071 17034 9165 
1 3 7756 5305 16980 
1 4 16980 9473 1368 5239 
1 2 16980 16908 
1 5 16908 1604 7047 9208 7095 
1 6 7095 5365 16500 16483 16432 16375 
1 5 3133 16308 2541 1251 16375 
3 7 7671 2621 5302 18030 17964 9158 5788 
3 4 5788 18015 1211 17886 
3 5 17886 17816 17744 17670 4122 
2 7 6615 18511 18512 2480 11073 410 4696 
1 4 8983 2034 2606 18539 
1 3 11545 18564 18539 
1 4 18539 18412 9533 3676 
1 7 18511 6007 9138 18277 18188 4383 5788 
2 9 6615 8069 11442 1012 18371 6804 18213 18116 5302 
2 13 17893 3401 18065 1931 8243 18383 18462 3155 10942 8820 2455 1129 4696 
2 12 17886 2359 17938 9246 1131 2794 1805 652 18032 285 6813 18065 
1 3 4696 7403 1131 
1 6 4281 17689 17735 17847 2549 1805 
2 8 7380 5253 8718 8432 19539 717 1339 6301 
1 3 19920 7297 20068 
1 4 2194 9122 19884 19920 
2 7 2194 19712 9360 19633 3299 19512 7380 
2 4 9360 19759 19776 8794 
1 3 8794 19877 2888 
2 5 20068 807 7899 326 2888 
2 6 8432 8357 512 9947 3628 6245 
2 6 6245 6555 19227 19258 6939 6499 
3 2 9401 19151 
3 3 9401 190 19129 
3 2 190 4103 
3 5 19129 4103 20834 20835 18977 
3 3 18977 2383 7399 
3 5 7399 18945 18952 19017 9401 
2 4 18952 6956 18896 5442 
2 3 5442 791 18814 
3 3 2383 2086 7259 
3 5 7259 11130 3128 18694 9666 
3 3 18977 18997 976 
2 3 976 7530 1564 
2 3 1564 5236 18918 
2 5 976 2125 18946 8513 18918 
2 4 1564 10130 7467 19080 
2 4 18918 18906 18960 7486 
2 3 19080 19027 7486 
2 5 19080 19094 10050 3444 19262 
2 3 7486 20714 18973 
3 4 9666 18634 18561 2912 
3 4 18561 1891 11047 18669 
3 6 18669 18591 11641 18516 18468 18611 
1 4 2912 20823 18623 18468 
2 4 18611 2415 2349 7531 
3 6 18669 20303 3627 18583 18612 18672 
3 2 9234 18672 
3 4 9234 20305 20713 18973 
2 3 18612 1528 18474 
1 4 3444 19118 3037 18973 
1 5 1219 213 693 1212 2521 
1 7 1219 2587 1769 2136 5498 2189 84 
1 6 693 631 3891 456 231 1769 
1 2 5970 1219 
1 2 18763 18730 
2 4 18763 18862 18884 18916 
2 7 3641 18863 8730 8770 18949 18966 18916 
2 6 3641 18778 1742 18779 3685 18823 
2 5 18823 9472 11469 5220 18609 
2 5 18609 8408 466 11452 18472 
2 6 18472 18423 4065 10429 18251 18208 
1 3 18472 18570 18644 
2 6 11469 9102 7222 279 1546 18644 
2 9 3641 18778 7998 1791 4434 2843 5728 5140 18916 
1 6 6301 8584 5857 19328 19281 19227 
1 10 6301 19623 6410 19593 5084 11204 48 1268 19370 6499 
1 8 19877 19866 5800 19811 8210 19696 19644 6301 
1 6 2888 818 2274 10882 974 20146 
1 7 717 8588 19657 3584 1645 19826 8794 
1 7 7380 583 11253 19412 2948 6609 19512 
1 9 9289 8819 16654 16631 11309 1497 8612 16510 16483 
1 2 10294 2371 
1 10 17292 17187 17081 16993 16895 16884 2165 16761 16691 1497 
1 2 16895 7047 
1 3 5787 7183 122 
1 5 9165 5716 6845 1959 11471 
1 5 7756 17251 17311 17381 17465 
1 2 7003 1132 
1 5 1132 10737 11289 17615 17702 
1 5 17702 17650 1280 528 17908 
1 3 17650 11298 17465 
1 6 11471 17252 17278 1014 17353 544 
1 7 10221 17566 7623 6976 17490 8174 17353 
1 5 17908 18007 17819 6391 10221 
1 3 19078 11224 2306 
1 2 383 11032 
1 5 7296 6892 18638 5135 383 
1 4 7296 11606 18374 8648 
1 6 10086 5409 3244 18843 18910 2306 
1 6 383 10403 3312 2201 3208 2306 
1 3 9823 18891 18910 
1 4 19961 4384 19967 19922 
1 4 19967 3761 20109 294 
1 6 19922 4183 11050 8122 5614 459 
1 4 459 19985 19931 6812 
1 3 19931 6520 19777 
1 9 19907 973 10569 198 10461 6032 10811 19962 6812 
1 5 19907 5426 7504 19783 19745 
1 9 20091 20055 20031 19989 20020 4853 19912 6926 19907 
1 7 19745 19703 5627 11181 4721 1414 19550 
1 4 19550 1414 19513 19472 
1 4 20250 4117 20253 806 
1 6 953 3960 9545 20255 10246 20250 
1 6 4256 20244 4324 3279 3330 20255 
1 8 806 8072 8529 4007 8939 5095 20247 4063 
1 5 4063 20231 20202 20212 294 
1 7 294 8376 20184 2844 20220 20217 9589 
1 15 9589 20218 2995 20213 8240 20207 20221 20193 7324 580 20222 2114 8265 4798 2438 
1 3 2438 9028 20091 
1 3 4007 9127 974 
1 7 19922 19873 10226 5930 19728 5926 19623 
1 6 10882 7594 559 19970 7156 19961 
1 5 11050 3765 19844 191 19777 
1 10 19777 7654 19723 19678 10143 4494 2069 19610 1537 19550 
1 18 544 5346 17438 17446 10840 17417 17429 10034 8241 1606 3142 6772 17931 17998 18075 6578 4610 18374 
1 4 544 5384 9830 17959 
1 4 9830 17715 121 10221 
1 4 1959 6442 3642 17465 
1 5 7623 17489 5507 17476 17465 
3 4 19502 11403 19552 6347 
2 2 19499 19456 
3 3 19502 19422 4942 
3 2 6347 4942 
3 3 6347 19552 19386 
3 3 4942 19422 19386 
3 3 19502 19422 19386 
3 3 19502 11403 19386 
3 5 808 4674 11410 6792 11293 
1 4 10294 17292 7003 7756 
1 5 7756 17103 17071 17034 9165 
1 3 7756 5305 16980 
1 4 16980 9473 1368 5239 
1 2 16980 16908 
1 5 16908 1604 7047 9208 7095 
1 6 7095 5365 16500 16483 16432 16375 
1 5 3133 16308 2541 1251 16375 
3 7 7671 2621 5302 18030 17964 9158 5788 
3 4 5788 18015 1211 17886 
3 5 17886 17816 17744 17670 4122 
2 7 6615 18511 18512 2480 11073 410 4696 
1 4 8983 2034 2606 18539 
1 3 11545 18564 18539 
1 4 18539 18412 9533 3676 
1 7 18511 6007 9138 18277 18188 4383 5788 
2 9 6615 8069 11442 1012 18371 6804 18213 18116 5302 
2 13 17893 3401 18065 1931 8243 18383 18462 3155 10942 8820 2455 1129 4696 
2 12 17886 2359 17938 9246 1131 2794 1805 652 18032 285 6813 18065 
1 3 4696 7403 1131 
1 6 4281 17689 17735 17847 2549 1805 
2 8 7380 5253 8718 8432 19539 717 1339 6301 
1 3 19920 7297 20068 
1 4 2194 9122 19884 19920 
2 7 2194 19712 9360 19633 3299 19512 7380 
2 4 9360 19759 19776 8794 
1 3 8794 19877 2888 
2 5 20068 807 7899 326 2888 
2 6 8432 8357 512 9947 3628 6245 
2 6 6245 6555 19227 19258 6939 6499 
3 2 9401 19151 
3 3 9401 190 19129 
3 2 190 4103 
3 5 19129 4103 20834 20835 18977 
3 3 18977 2383 7399 
3 5 7399 18945 18952 19017 9401 
2 4 18952 6956 18896 5442 
2 3 5442 791 18814 
3 3 2383 2086 7259 
3 5 7259 11130 3128 18694 9666 
3 3 18977 18997 976 
2 3 976 7530 1564 
2 3 1564 5236 18918 
2 5 976 2125 18946 8513 18918 
2 4 1564 10130 7467 19080 
2 4 18918 18906 18960 7486 
2 3 19080 19027 7486 
2 5 19080 19094 10050 3444 19262 
2 3 7486 20714 18973 
3 4 9666 18634 18561 2912 
3 4 18561 1891 11047 18669 
3 6 18669 18591 11641 18516 18468 18611 
1 4 2912 20823 18623 18468 
2 4 18611 2415 2349 7531 
3 6 18669 20303 3627 18583 18612 18672 
3 2 9234 18672 
3 4 9234 20305 20713 18973 
2 3 18612 1528 18474 
1 4 3444 19118 3037 18973 
1 5 1219 213 693 1212 2521 
1 7 1219 2587 1769 2136 5498 2189 84 
1 6 693 631 3891 456 231 1769 
1 2 5970 1219 
1 2 18763 18730 
2 4 18763 18862 18884 18916 
2 7 3641 18863 8730 8770 18949 18966 18916 
2 6 3641 18778 1742 18779 3685 18823 
2 5 18823 9472 11469 5220 18609 
2 5 18609 8408 466 11452 18472 
2 6 18472 18423 4065 10429 18251 18208 
1 3 18472 18570 18644 
2 6 11469 9102 7222 279 1546 18644 
2 9 3641 18778 7998 1791 4434 2843 5728 5140 18916 
1 6 6301 8584 5857 19328 19281 19227 
1 10 6301 19623 6410 19593 5084 11204 48 1268 19370 6499 
1 8 19877 19866 5800 19811 8210 19696 19644 6301 
1 6 2888 818 2274 10882 974 20146 
1 7 717 8588 19657 3584 1645 19826 8794 
1 7 7380 583 11253 19412 2948 6609 19512 
1 9 9289 8819 16654 16631 11309 1497 8612 16510 16483 
1 2 10294 2371 
1 10 17292 17187 17081 16993 16895 16884 2165 16761 16691 1497 
1 2 16895 7047 
2 5 6018 10577 6960 6010 4805 
2 7 14622 6162 14777 14845 11294 3776 6018 
2 3 11261 14992 1154 
1 9 9760 8090 15766 11251 6003 2899 3838 15276 15237 
1 4 14622 14560 7303 4304 
1 9 8090 15767 404 8986 10155 11093 5793 2511 6010 
5 7 7680 11406 6113 18729 18686 4285 18498 
5 6 10479 4887 18608 5585 8943 18498 
5 6 7680 5348 268 8534 18643 10479 
2 4 18498 9449 9391 18087 
1 6 18643 4547 11394 18850 2553 2678 
1 2 5348 2553 
2 6 10479 18490 1981 10004 18173 3123 
1 2 18312 6804 
1 5 18312 2315 18170 9133 2621 
2 5 15237 10052 1154 8188 6018 
1 7 11261 14789 6379 1424 10527 14541 2989 
2 4 11130 20306 18745 976 
2 3 20306 20304 9666 
2 3 20304 20307 8513 
2 4 20304 18740 20302 11047 
2 4 20307 18740 2228 18906 
2 5 18740 18669 18754 3576 18906 
2 4 3576 18879 18793 9234 
2 2 7486 18879 
2 2 18754 18793 
2 3 18754 10068 18672 
2 2 9666 18740 
3 3 2086 18847 11130 
2 3 1978 5535 1972 
2 4 1972 8791 12918 2053 
1 4 1972 12907 3877 4108 
1 8 4108 561 12886 12841 4315 12825 7192 5169 
2 3 5169 12938 10147 
2 3 10147 4889 13025 
2 4 13025 13046 3880 13137 
1 2 13137 10776 
1 6 18732 18667 1047 2367 18476 18387 
1 4 18732 18722 18666 18610 
1 3 18610 10375 5158 
1 4 5158 2184 6466 3616 
1 7 3616 18386 4915 18328 2074 18315 18387 
1 3 9153 11426 18610 
1 4 9153 11586 18466 18387 
1 3 9153 18456 4915 
1 3 18667 18597 9153 
1 5 19998 4270 7491 6632 8925 
1 5 8925 701 10883 5322 11074 
1 8 11074 4169 6227 5888 6581 8201 19511 11569 
1 9 8925 6847 19692 19672 3079 19722 19773 19824 11079 
1 7 4568 20131 6666 8757 7233 7199 11079 
1 6 19722 19651 1776 11376 464 2741 
1 10 2741 5664 8666 10903 19526 19529 19536 19500 3780 11569 
1 15 4169 9600 9724 19996 20043 20108 20159 20200 20228 855 6190 20180 11081 8749 20131 
1 3 5437 11624 8757 
1 3 7821 11256 15303 
1 4 15303 2214 9181 15296 
3 24 10858 6346 5189 7061 3418 5421 14802 14829 14905 4690 15080 15136 2449 15252 15330 8579 15392 10815 1852 15383 15436 2837 10390 15566 
3 18 15566 15536 2354 1632 2551 15397 15437 7347 15384 15453 7016 1870 8166 6591 15325 15269 6188 7821 
3 13 10858 14712 14637 5745 5499 9468 1250 14716 1091 6692 5999 15032 14978 
1 5 5999 2756 15127 6029 10080 
1 2 6029 15325 
1 22 1250 14589 6686 14472 10662 14350 9877 4945 4164 11026 14106 14047 1871 14034 3164 4420 8280 9762 5104 1599 11282 7627 
1 5 14544 7951 14507 14401 1599 
1 4 14507 14576 3799 14650 
1 5 14650 14713 14756 14793 548 
3 5 7821 465 4491 14995 548 
1 4 6637 2453 14921 548 
1 4 14896 14866 9638 6637 
3 5 7821 10785 15014 276 14896 
3 4 6692 14877 14865 14896 
1 4 14589 14611 14551 6207 
1 2 10662 9378 
1 2 15080 15144 
1 8 14905 14914 3035 14830 7507 14857 3534 10858 
1 3 2551 5891 15197 
1 3 15236 7295 15384 
1 4 15165 11099 7337 15144 
3 4 2354 15593 15664 4636 
3 3 4636 10237 6814 
1 5 6814 5936 15880 15904 7136 
1 3 7136 2197 4177 
1 4 6709 8409 2581 4177 
1 4 4177 8948 16111 6074 
1 5 5984 2930 10523 2067 4177 
1 2 15689 5984 
1 4 15689 5963 15507 11096 
1 2 11096 15269 
1 5 5984 15708 989 1134 1795 
1 6 5862 16245 16225 6573 16231 6074 
1 3 5862 1596 4588 
1 3 4588 8583 8222 
1 4 6177 854 16102 7002 
2 5 7002 16150 16133 16187 16214 
2 3 16143 3127 16214 
2 3 16143 16061 7321 
2 6 7321 15995 16025 15905 15893 15839 
2 3 15839 5028 15709 
2 5 5215 15466 5445 15671 15709 
3 5 5215 11617 9991 7090 1189 
1 5 15296 8582 15508 15465 1189 
3 5 4491 10718 15128 9064 7788 
1 3 7788 15057 6075 
3 5 1189 15399 10634 9526 7788 
1 4 15681 5276 8009 5445 
1 4 5862 16313 16290 16326 
1 9 16869 16851 16870 7404 9463 9746 3000 16779 16811 
1 6 17264 2039 17097 10117 7348 16869 
1 6 9717 7140 1992 10703 17339 17264 
1 2 17339 11421 
1 5 16779 16698 10261 16491 2273 
1 11 16327 16352 6047 16496 5566 16438 4633 16410 16426 3688 6172 
1 3 11470 4140 17021 
1 5 17021 17026 1597 16983 7703 
1 3 7703 16925 16873 
1 3 16873 16915 7709 
1 4 17021 677 16822 16727 
1 4 16727 8257 16567 6172 
1 3 16326 6660 16327 
1 3 2273 7970 16231 
1 7 16537 1310 822 16529 5024 16464 6660 
2 6 18197 18235 8164 9713 18257 18184 
1 7 6263 14317 10908 2211 14138 10510 484 
3 8 5215 15318 10702 9147 6102 7407 4092 9886 
3 3 4092 7786 619 
1 6 15709 15761 2540 8845 3510 619 
1 8 1084 940 17805 17863 3702 17688 5441 6977 
1 4 17805 17762 17705 17638 
1 7 7802 17594 17605 17582 8563 17629 17556 
1 7 7802 8467 869 17246 5715 17150 17217 
1 4 17150 11600 10298 16982 
1 6 5715 17125 6752 9741 17117 17042 
1 3 6752 5772 17020 
1 10 17042 16977 16954 16904 16871 7184 8796 8404 16820 16811 
2 6 9740 1947 9328 843 16781 9369 
2 9 5142 11774 6725 11800 6828 11839 11860 1819 10278 
2 4 12018 11975 2700 1819 
2 8 1254 7903 12182 12139 12069 3433 7429 12018 
2 7 1254 11463 12320 2279 11129 6435 10768 
2 7 5142 1099 3263 8846 11723 2218 9026 
1 10 11758 11746 11738 2494 11739 3338 7672 11740 5972 3263 
2 7 11943 9799 6565 11926 6407 11937 9868 
2 4 12076 12007 8548 9868 
1 4 11962 1779 9354 9868 
2 7 11943 7928 6091 9043 11888 11877 11860 
1 13 11962 1539 11906 11853 11817 7753 10999 2258 11755 11747 8519 7783 11728 
1 5 6457 5469 7328 7501 16970 
1 5 17265 2430 17123 1375 6457 
1 3 10334 3532 1189 
2 3 4674 18990 19009 
2 7 4103 8295 19142 19110 4555 19100 1564 
3 12 19262 8940 670 9205 11398 19279 10691 10114 11385 19354 20839 20841 
3 4 20841 19461 19362 19354 
3 5 19362 339 19387 7036 6695 
3 3 6695 8321 5268 
2 2 8321 7130 
2 2 6695 7130 
3 6 8321 19368 19284 19235 19199 6083 
2 6 19199 19217 19198 19176 7043 2547 
3 4 339 9245 6133 19176 
3 4 6083 2622 20837 8729 
3 5 8729 2539 9595 3318 19169 
2 5 5268 860 19431 6308 10157 
1 6 10157 427 5248 4706 2032 19169 
2 6 6308 19339 3737 19231 19177 8729 
1 4 19284 11544 10490 19231 
3 5 18973 18947 18978 8323 9977 
2 4 9977 18991 239 5529 
1 8 7043 2847 19095 11036 4070 1082 19234 10691 
2 5 10691 470 19111 19074 18991 
2 3 18825 4363 9977 
1 3 18825 18880 239 
1 3 8323 645 470 
2 4 5529 1148 18935 18886 
3 4 18672 18624 18573 18553 
2 6 18825 4883 18775 10239 18755 4443 
3 5 18553 18626 4205 18766 18825 
3 7 18553 4823 766 18459 18502 11271 4443 
3 4 2644 18886 6015 2547 
2 5 18755 18741 6743 18574 2644 
3 7 18459 18428 2719 18469 18641 2454 4443 
2 6 18428 18342 18245 18153 18062 9012 
2 4 9012 17971 10263 6201 
2 4 6201 1572 8049 18182 
2 4 6201 5669 17750 6623 
1 5 6201 17891 9871 17824 17741 
1 5 17741 17883 17943 5200 18143 
2 8 18143 18203 18274 18351 4509 10016 9260 2454 
1 3 18182 6340 18351 
1 4 18574 4888 18648 10016 
1 6 6977 17730 17718 10398 5687 7802 
1 10 18719 18655 18576 9414 18398 18311 10192 18115 3274 17863 
1 4 18311 3441 1415 1084 
1 10 18719 18736 9484 7414 18662 4792 1366 329 6160 7945 
1 3 10867 7610 1366 
1 5 18719 1858 18743 5833 18816 
1 4 9049 2007 8146 18743 
1 3 18675 1511 9049 
1 10 11470 10048 4834 10890 4391 11124 7629 17538 6673 6977 
1 8 18649 18742 18707 18727 18734 18751 2445 4458 
1 6 18649 18575 1122 18444 18361 9713 
1 5 18197 18159 18083 11113 5987 
1 7 10649 956 8054 433 4919 9486 18649 
1 15 8054 18815 18826 18848 8086 18984 162 7544 10624 19063 19028 18953 2311 1899 18751 
1 4 10867 18788 11287 1276 
1 15 1276 2913 18954 4843 19081 6351 19107 6778 5401 19029 11353 18999 2339 18937 18953 
1 4 18223 7879 682 7945 
1 5 18223 3349 18121 3288 10921 
1 5 8161 18915 18854 5271 18816 
1 14 6378 19193 173 19059 6802 19131 350 8359 19036 10725 18915 8161 9912 18901 
1 6 17638 11208 17557 17471 17433 5484 
1 7 5484 17563 8147 7287 17835 17892 7182 
1 8 7182 5415 17801 8920 3446 17597 6832 5267 
1 5 18187 18107 18028 17981 7182 
1 12 18901 18855 18803 18748 18690 18691 3587 10099 5193 18461 9253 18291 
1 8 7717 2825 17640 4291 17675 17639 9186 17568 
1 6 7717 5406 17379 1927 17288 6757 
1 8 16830 93 10800 16984 9054 4691 17135 6757 
1 4 6498 7910 3242 16830 
1 9 16873 16839 925 16823 5515 16863 9369 11229 6498 
1 3 17066 1892 9369 
1 3 17066 2171 3853 
1 8 17207 7167 17346 2461 17385 17452 5074 5484 
1 4 18184 17977 17894 7608 
1 6 5987 17884 2947 10759 17460 9717 
1 18 6378 7084 19327 9585 19319 19275 3253 2854 19378 6966 19348 6388 10158 19182 9632 19181 9090 6351 
1 6 16933 6544 9598 16817 2938 16763 
1 9 16798 16718 16622 10568 16515 16478 16359 7216 3039 
1 3 16515 16458 4666 
1 3 3039 7448 7946 
1 7 16478 16359 16302 16240 1117 1159 16145 
1 9 9598 6394 7586 6801 7801 2730 16347 2747 16399 
1 10 814 7852 52 17881 5974 17795 10024 17783 4279 6051 
1 3 6051 7742 2265 
1 4 2265 6474 10500 6877 
1 7 2265 17554 6146 17526 11158 10645 17533 
1 7 2265 17500 17369 11583 17073 16948 2526 
1 3 11316 8071 2526 
1 7 10166 17269 5668 5646 17011 16999 16933 
1 6 16763 16818 10628 4749 16860 16919 
1 7 11334 9500 2236 8839 5211 16367 16399 
1 6 16145 16161 371 16162 16218 8685 
1 4 8685 16117 2572 16026 
1 10 8685 5418 1046 16219 16263 8021 16259 16210 7640 16324 
1 4 11334 2623 5588 6658 
1 10 4749 8705 671 7816 17132 17104 17037 4881 16909 900 
1 5 17104 17196 8397 9566 10452 
1 5 6779 1919 6194 1810 310 
1 5 6779 5241 17703 10481 17533 
1 4 11583 4573 467 11085 
1 6 11085 4296 17074 1987 8124 310 
1 4 6658 8731 651 16263 
1 10 900 1447 10371 16597 3577 3319 10979 16324 5956 16172 
1 4 9961 17167 5355 671 
1 4 4399 4934 17244 9961 
1 11 17269 483 3595 10062 5219 10700 5992 5318 17543 8774 4399 
1 6 4399 17395 4097 2406 17364 8397 
1 3 2161 16490 2730 
1 13 17011 7997 307 827 2568 16867 7261 16663 263 8915 5073 5678 16358 
1 3 6779 11613 9540 
1 15 17121 9675 8244 1125 9382 17257 17318 7858 6890 17409 17389 17458 8499 3607 1295 
1 3 7656 8480 17121 
1 5 9382 9698 17063 303 1864 
1 7 1864 16966 6176 1555 2712 3397 16511 
1 5 446 5503 17018 16966 1864 
1 3 17318 5650 11574 
1 5 310 283 4536 17094 446 
1 3 7999 2071 1295 
1 5 801 17969 9910 17911 7999 
1 3 1083 10987 801 
1 3 18021 18059 3724 
1 4 6702 9772 18263 18059 
1 4 3724 17968 8521 17796 
1 4 8521 17822 22 1083 
1 4 11574 17467 9361 1083 
1 4 9772 5447 2412 255 
1 6 18645 255 18493 8419 1348 18355 
1 3 18355 1348 9232 
1 4 7519 18210 7345 18355 
1 4 7464 10922 18442 18355 
1 3 7464 8060 18349 
1 3 6064 11205 7519 
1 10 6779 2537 17923 10219 5482 2303 8107 10929 18457 8060 
1 5 3569 3947 14636 3170 7993 
1 5 4216 2442 14600 14664 3947 
1 7 7993 4360 14548 1389 1416 6712 5017 
1 5 6712 5165 14286 430 2870 
1 5 4435 14631 14561 7060 5017 
1 4 4435 11644 14826 10165 
1 6 10165 4056 6674 40 15150 8298 
1 8 8553 7489 7895 8289 11611 5390 15083 4056 
1 3 8553 763 4218 
1 3 8856 10218 4218 
1 2 8728 8155 
1 7 8298 1529 15022 2889 6409 363 8340 
1 7 8340 8543 566 330 8023 6012 5710 
1 2 5177 566 
1 6 14143 658 5186 13978 1413 3327 
1 5 14143 14097 14035 9099 8159 
1 4 13773 13809 10363 8159 
1 6 13773 13738 5708 13698 13664 4174 
1 4 6012 8902 5519 14229 
1 5 14229 14190 10688 4231 3327 
1 7 15234 2997 15096 15097 15104 6612 15022 
1 4 15097 3309 432 9673 
1 7 6612 15194 2590 15362 6826 11259 15531 
1 8 10969 15998 16084 16147 5521 16182 8346 16303 
1 5 16066 5417 4820 6329 16076 
1 4 16182 9315 16097 16066 
1 8 16076 4877 3163 16098 16130 10038 16077 8856 
1 6 16098 16045 15988 15935 6575 10152 
1 2 6575 4218 
1 6 6826 3331 15486 6675 8975 10152 
1 5 6053 15668 15618 15541 6826 
1 5 6329 8616 4018 15845 6053 
1 7 8159 2633 3717 13941 13951 13959 7940 
1 7 14284 7616 2249 3104 14189 5363 14143 
1 4 5363 8491 6090 330 
1 6 8472 896 13382 10784 10971 9928 
1 5 13692 9902 13600 2512 13531 
1 5 601 13801 7040 13715 13692 
1 6 2870 8605 10498 14030 8780 601 
1 5 8125 7123 8405 11525 15488 
1 4 15488 4128 15389 8389 
1 6 8389 15284 15212 11404 15001 14948 
1 6 4128 15299 8401 5407 6278 3569 
1 7 16167 9818 8560 3501 16000 15970 8125 
1 5 16487 16415 1643 6184 16167 
1 5 16486 4698 16333 3589 6184 
1 5 16486 1011 16423 16380 6327 
1 4 16332 5794 1912 6327 
1 4 16332 7442 10927 10038 
1 4 1912 4226 226 16776 
1 5 16801 10002 16592 16525 16486 
1 8 2703 10885 15960 16028 5889 8079 1787 16338 
1 7 1787 16184 11280 10850 3059 9818 16167 
1 10 15345 10258 15084 3306 4025 14853 8801 8525 852 14636 
1 12 15345 15406 1691 15421 569 11296 2507 9569 7562 15669 15776 8125 
1 3 13382 7243 9111 
1 5 13531 4419 5397 13458 9928 
1 6 8472 3571 463 13303 2866 8104 
1 8 4174 13599 2859 4212 10716 13432 13387 13337 
1 5 13337 9685 13313 8522 13303 
1 12 13631 1496 2344 9424 5651 13704 13654 1804 13585 2052 13500 3455 
1 8 3455 13451 10222 7187 13353 8570 6058 13137 
1 5 8104 13089 13072 10262 2809 
1 5 2809 13017 1165 5336 1978 
1 7 2953 2172 2213 17116 9679 6101 9465 
1 3 2953 17048 17003 
1 8 16575 3660 5233 9845 16828 16889 8018 4371 
1 3 16575 3381 2973 
1 6 8957 17014 10469 17002 3515 4371 
1 10 9465 4518 4326 17271 1009 11001 10049 8817 17373 17441 
1 6 7042 1587 7350 17502 17449 10049 
1 6 6528 18543 6948 3977 90 18416 
1 6 90 1045 4273 18060 10599 7042 
1 5 18416 2158 5840 18330 8867 
1 7 7999 17812 10962 17872 2240 17842 4060 
1 7 4060 35 6694 18070 18150 5523 8867 
1 5 4060 8085 11580 17527 17441 
1 5 17501 1968 17519 17588 11580 
1 4 2213 16912 16803 16828 
1 3 1009 17096 3515 
1 7 17003 4172 16861 3557 16648 2957 6732 
1 6 2973 3130 11318 16559 16505 6732 
1 10 2703 7280 15620 2424 9446 15346 4713 15174 15100 14948 
1 8 7040 1798 11556 13785 9020 5734 2582 10792 
1 7 4216 7520 8187 9355 14240 14196 14176 
1 5 14176 14126 14045 3394 10792 
1 6 2714 6094 16888 3615 10324 16598 
1 4 16598 7330 7189 16401 
1 5 16598 16585 7155 4297 16400 
1 3 16177 1889 16400 
1 3 2714 5161 1987 
1 4 16750 16827 299 2714 
1 3 8640 1620 16750 
1 5 16401 6243 1030 836 8640 
1 6 16377 10974 10444 16392 6811 16400 
1 4 10974 16459 16524 16598 
1 4 16377 16421 16378 16401 
1 4 16511 10483 7134 8640 
1 18 18959 7980 10554 18905 18924 3958 18913 2363 1056 10231 18724 1438 18632 4614 18532 18495 5683 8867 
1 4 10384 18792 10760 3958 
1 6 10384 18705 927 10093 7972 9784 
1 5 18645 11340 7785 6070 3958 
1 4 10093 18545 4238 1438 
1 4 8284 16014 16051 16119 
1 5 6805 6369 9014 3800 16172 
1 2 16177 6369 
1 4 16119 642 16013 6805 
1 4 6805 1630 7250 15649 
1 3 15649 15525 4503 
1 5 4503 15387 594 11044 15107 
1 4 2829 3049 15232 15181 
1 5 11044 15233 11004 1677 15181 
1 5 16026 3343 6737 15765 15693 
1 5 15693 5294 8557 5371 2829 
1 4 2829 3049 15187 7555 
1 5 8830 5408 15274 15248 7555 
1 4 10640 15677 15597 8830 
1 3 15558 7677 15677 
1 6 2971 7843 4821 2120 4166 15558 
1 2 15181 3801 
1 15 3364 6642 5748 14364 14421 14504 10586 14659 11083 3236 9577 15019 6279 15027 3801 
1 10 9577 14878 14820 14884 14844 6103 14764 14811 7669 11261 
1 2 14884 14964 
1 2 8284 9760 
1 5 16241 161 3280 5693 16119 
1 3 10974 16296 16241 
1 3 4805 9217 15234 
1 4 9760 2908 175 10969 
1 10 13773 3925 10859 5065 5552 2771 1867 13723 1246 13704 
1 3 16506 6428 1161 
1 7 1161 3824 16207 2388 16036 4361 15910 
1 4 15910 1427 5295 5394 
1 4 5394 15742 15686 15680 
1 6 15680 15610 5804 9779 8118 15460 
1 5 5394 5327 11250 1918 15407 
1 5 15407 7718 702 11443 3695 
1 2 11443 6092 
1 5 7867 15087 15054 15114 6092 
1 5 6092 364 14939 14901 14836 
1 4 14836 14821 4837 14675 
1 6 14675 14708 4766 14549 2269 377 
1 5 6081 4763 14886 10772 7867 
1 4 6092 4386 15155 324 
1 4 324 7119 15088 15073 
1 5 796 14746 14806 8773 14836 
1 3 15073 15123 15089 
1 2 15089 1327 
1 3 15089 7224 6374 
1 5 3197 11226 9650 10580 15452 
1 4 15452 3538 6250 7721 
1 5 6374 379 15378 15499 15452 
1 3 3197 16018 7362 
1 5 7673 15986 9804 5434 16018 
1 4 16089 16080 16054 7673 
1 3 1161 16381 1594 
1 12 1594 1794 6830 16362 9461 16276 681 9669 11642 5076 15985 3197 
1 7 3454 16073 7048 10344 15942 15877 15910 
1 3 5815 15992 15910 
1 5 5815 15962 9858 3199 15985 
1 4 15962 602 15824 15757 
1 5 2779 14976 7497 5188 15041 
1 7 15041 15031 5827 6020 7445 4345 7239 
1 4 7057 8840 10845 7445 
1 4 7441 15463 3854 7057 
1 3 16002 6569 15794 
1 2 15794 15827 
1 2 15794 5906 
1 3 15794 15778 9974 
1 2 15778 9371 
1 3 15973 15892 15827 
1 2 15769 5906 
1 4 9999 288 16168 9072 
1 6 9999 8516 9965 15793 15722 2961 
1 2 16139 9999 
1 4 15793 2456 15623 3437 
1 8 3437 423 316 15948 16009 1313 4510 16139 
1 3 16186 6513 1888 
1 2 16186 16244 
1 4 6513 16081 2257 16089 
1 3 15856 15993 2257 
1 4 4831 7029 15651 3437 
1 3 4831 15500 6567 
1 5 6567 6417 11005 2173 5505 
1 6 2961 15715 15738 6914 8171 15769 
1 9 5906 4624 7033 11241 15265 9428 7568 10835 2779 
1 2 14904 14976 
1 2 10835 15013 
1 6 14575 14582 6818 7105 7865 8825 
1 15 8825 4163 8267 14416 14367 8999 6054 14325 3535 14260 106 14208 981 1382 14042 
1 2 5827 15108 
1 8 15013 1825 2374 14894 14864 6937 14768 7865 
1 10 16186 9803 16261 16311 16419 11276 16446 16463 16387 9072 
1 7 9072 16169 8193 9160 15954 256 15973 
1 7 16002 15928 7982 15879 3819 15870 15847 
1 9 15847 1171 1771 8455 10102 2842 15446 15368 7239 
1 3 6513 7711 16009 
1 5 985 6979 16771 7933 1336 
1 4 1336 16513 378 16403 
1 4 8462 11169 5900 16403 
1 6 6052 16979 17015 17091 516 4188 
1 9 516 5376 17029 8759 27 1283 1938 16931 985 
1 3 4188 6584 16757 
1 5 6052 5435 16824 10112 16724 
1 6 16724 10721 5061 5299 8485 16568 
1 3 16830 5520 16568 
1 5 8462 16509 16452 7108 11416 
1 3 8485 2139 10572 
1 6 10572 16388 6079 16382 4971 11416 
1 4 8462 3809 11423 16757 
1 3 6757 17192 6052 
1 4 4691 8520 9801 10112 
1 6 11728 11720 1074 11704 5402 11535 
1 11 11535 9939 630 6508 11706 2056 7599 2346 1501 11691 1126 
1 4 6263 6521 14307 6735 
1 6 6735 9291 14151 1446 10121 3603 
1 3 6263 3044 3445 
1 3 3445 1358 14061 
1 3 14061 13989 13920 
1 6 13920 7981 13787 492 13732 8884 
1 5 8884 10345 10187 5796 8827 
1 5 8827 2993 2402 13873 13827 
1 5 3603 3878 13896 13833 2185 
1 2 2185 13827 
1 6 1791 844 10380 18565 18492 3650 
1 2 2843 3177 
1 3 18006 17867 17702 
1 6 3650 18357 18281 18176 6780 18006 
1 6 1541 18020 17941 17947 10299 17929 
1 6 18020 8297 11091 17985 17946 17899 
1 4 1541 18269 2615 3177 
1 7 17929 10915 17788 1300 1949 8302 17702 
1 7 11091 7212 17722 3399 17578 5485 17427 
1 4 2810 4836 2405 1483 
1 6 10455 17113 5540 3375 17145 9386 
1 3 3234 4039 16631 
1 3 9845 16580 16487 
1 3 16338 8997 2973 
1 4 8957 16949 16846 16801 
1 8 19008 10383 3897 19072 11365 6009 18864 18795 
1 14 11365 19033 18967 18911 9881 18912 18931 10891 7067 9727 19034 1275 18932 18959 
1 6 18500 18508 10033 7217 18693 18688 
1 5 7863 18701 18631 18559 18500 
1 6 18631 18589 18550 18571 10230 1292 
1 4 1292 2660 18515 10425 
1 4 18795 5640 8025 10425 
1 5 10425 1021 8987 18232 18127 
1 8 10425 18541 215 2833 18521 18473 3159 10929 
1 9 19008 19056 4408 11570 18976 18904 1332 18752 18693 
1 4 18508 18440 2418 9498 
1 5 9498 397 18262 18137 814 
1 6 10692 11488 4283 409 18147 814 
1 5 18732 6701 4722 9010 5023 
1 4 19007 18943 7076 5023 
1 3 4632 8278 6853 
1 2 6853 3244 
1 3 5023 18811 4632 
1 2 2367 1601 
1 6 13135 13248 13216 7346 13154 6499 
1 5 13154 12951 13054 5478 13135 
1 3 9269 19244 13135 
1 2 13248 5071 
1 9 5071 6647 19138 10701 2481 19128 19156 19092 3252 
1 5 3252 18861 694 10338 7824 
1 3 1173 8043 19156 
1 4 9269 4121 19203 1173 
1 4 1062 19430 393 5478 
1 2 48 12951 
1 5 19258 9655 2885 19423 8584 
1 3 1268 1652 2885 
1 2 13216 8802 
1 2 13054 8802 
1 3 7346 13037 8802 
5 12 8859 736 16227 8388 16144 16115 16048 12259 8673 15882 13071 15809 
3 3 8673 16020 3760 
3 3 3760 11035 16038 
